id,recording,site,year,month,day,hour,minute,species,songtype,x1,x2,y1,y2,frequency,validated,url,score,site_id
594175652,CRam-2023-07-17_19-40.WAV,2023 Creed Rd,2023,7,17,20,40,Agelaius tricolor,Alternative Song,17.834666666666667,19.029333333333334,2625,7218.75,24000,(not validated),https://arbimon.rfcx.org/legacy-api/project/tricolored-blackbird-breeding-phenology/recordings/download/147392948,0.23656656428191478,48462
594175722,CRam-2023-07-11_19-40.WAV,2023 Creed Rd,2023,7,11,20,40,Agelaius tricolor,Alternative Song,14.122666666666667,15.317333333333334,2625,7218.75,24000,(not validated),https://arbimon.rfcx.org/legacy-api/project/tricolored-blackbird-breeding-phenology/recordings/download/147393690,0.209788186719916,48462
594177073,CRam-2023-06-26_23-40.WAV,2023 Creed Rd,2023,6,27,0,40,Agelaius tricolor,Alternative Song,32.69866666666667,33.89333333333333,2625,7218.75,24000,(not validated),https://arbimon.rfcx.org/legacy-api/project/tricolored-blackbird-breeding-phenology/recordings/download/147396021,0.20210696197905278,48462
594177074,CRam-2023-06-26_20-40.WAV,2023 Creed Rd,2023,6,26,21,40,Agelaius tricolor,Alternative Song,6.101333333333334,7.296,2625,7218.75,24000,(not validated),https://arbimon.rfcx.org/legacy-api/project/tricolored-blackbird-breeding-phenology/recordings/download/147396114,0.21435924102210938,48462
594177075,CRam-2023-06-25_21-40.WAV,2023 Creed Rd,2023,6,25,22,40,Agelaius tricolor,Alternative Song,14.965333333333334,16.16,2625,7218.75,24000,(not validated),https://arbimon.rfcx.org/legacy-api/project/tricolored-blackbird-breeding-phenology/recordings/download/147396117,0.21546457980265632,48462
594177076,CRam-2023-06-25_20-00.WAV,2023 Creed Rd,2023,6,25,21,0,Agelaius tricolor,Alternative Song,5.402666666666667,6.597333333333333,2625,7218.75,24000,(not validated),https://arbimon.rfcx.org/legacy-api/project/tricolored-blackbird-breeding-phenology/recordings/download/147396129,0.20857902181100427,48462
594177077,CRam-2023-06-28_08-00.WAV,2023 Creed Rd,2023,6,28,9,0,Agelaius tricolor,Alternative Song,19.738666666666667,20.933333333333334,2625,7218.75,24000,(not validated),https://arbimon.rfcx.org/legacy-api/project/tricolored-blackbird-breeding-phenology/recordings/download/147396145,0.2104528576961803,48462
594177078,CRam-2023-06-27_02-20.WAV,2023 Creed Rd,2023,6,27,3,20,Agelaius tricolor,Alternative Song,49.52,50.714666666666666,2625,7218.75,24000,(not validated),https://arbimon.rfcx.org/legacy-api/project/tricolored-blackbird-breeding-phenology/recordings/download/147396151,0.20334250481271932,48462
594177079,CRam-2023-06-26_21-40.WAV,2023 Creed Rd,2023,6,26,22,40,Agelaius tricolor,Alternative Song,11.418666666666667,12.613333333333333,2625,7218.75,24000,(not validated),https://arbimon.rfcx.org/legacy-api/project/tricolored-blackbird-breeding-phenology/recordings/download/147396184,0.2032239506181264,48462
594177080,CRam-2023-06-25_10-40.WAV,2023 Creed Rd,2023,6,25,11,40,Agelaius tricolor,Alternative Song,48.48533333333334,49.68,2625,7218.75,24000,(not validated),https://arbimon.rfcx.org/legacy-api/project/tricolored-blackbird-breeding-phenology/recordings/download/147396185,0.20988529160418476,48462
594177081,CRam-2023-06-25_11-00.WAV,2023 Creed Rd,2023,6,25,12,0,Agelaius tricolor,Alternative Song,5.237333333333333,6.432,2625,7218.75,24000,(not validated),https://arbimon.rfcx.org/legacy-api/project/tricolored-blackbird-breeding-phenology/recordings/download/147396198,0.21510867707529133,48462
594177082,CRam-2023-06-25_09-20.WAV,2023 Creed Rd,2023,6,25,10,20,Agelaius tricolor,Alternative Song,25.552,26.746666666666666,2625,7218.75,24000,(not validated),https://arbimon.rfcx.org/legacy-api/project/tricolored-blackbird-breeding-phenology/recordings/download/147396199,0.2278477376652993,48462
594177083,CRam-2023-06-26_19-40.WAV,2023 Creed Rd,2023,6,26,20,40,Agelaius tricolor,Alternative Song,7.050666666666666,8.245333333333333,2625,7218.75,24000,(not validated),https://arbimon.rfcx.org/legacy-api/project/tricolored-blackbird-breeding-phenology/recordings/download/147396203,0.2275849983989146,48462
594177084,CRam-2023-06-26_02-00.WAV,2023 Creed Rd,2023,6,26,3,0,Agelaius tricolor,Alternative Song,36.42133333333334,37.616,2625,7218.75,24000,(not validated),https://arbimon.rfcx.org/legacy-api/project/tricolored-blackbird-breeding-phenology/recordings/download/147396226,0.21301575277654913,48462
594177085,CRam-2023-06-24_19-00.WAV,2023 Creed Rd,2023,6,24,20,0,Agelaius tricolor,Alternative Song,41.10933333333333,42.304,2625,7218.75,24000,(not validated),https://arbimon.rfcx.org/legacy-api/project/tricolored-blackbird-breeding-phenology/recordings/download/147396301,0.23725641996351407,48462
594177086,CRam-2023-06-25_00-00.WAV,2023 Creed Rd,2023,6,25,1,0,Agelaius tricolor,Alternative Song,52.885333333333335,54.08,2625,7218.75,24000,(not validated),https://arbimon.rfcx.org/legacy-api/project/tricolored-blackbird-breeding-phenology/recordings/download/147396321,0.20505692292883448,48462
594177087,CRam-2023-06-24_20-20.WAV,2023 Creed Rd,2023,6,24,21,20,Agelaius tricolor,Alternative Song,58.23466666666667,59.42933333333333,2625,7218.75,24000,(not validated),https://arbimon.rfcx.org/legacy-api/project/tricolored-blackbird-breeding-phenology/recordings/download/147396327,0.22565609652317478,48462
594177088,CRam-2023-06-26_22-20.WAV,2023 Creed Rd,2023,6,26,23,20,Agelaius tricolor,Alternative Song,53.32266666666667,54.51733333333333,2625,7218.75,24000,(not validated),https://arbimon.rfcx.org/legacy-api/project/tricolored-blackbird-breeding-phenology/recordings/download/147396329,0.2136294860302967,48462
594177089,CRam-2023-06-25_22-00.WAV,2023 Creed Rd,2023,6,25,23,0,Agelaius tricolor,Alternative Song,1.328,2.522666666666667,2625,7218.75,24000,(not validated),https://arbimon.rfcx.org/legacy-api/project/tricolored-blackbird-breeding-phenology/recordings/download/147396393,0.21358485321414047,48462
594177090,CRam-2023-06-26_16-00.WAV,2023 Creed Rd,2023,6,26,17,0,Agelaius tricolor,Alternative Song,16.325333333333333,17.52,2625,7218.75,24000,(not validated),https://arbimon.rfcx.org/legacy-api/project/tricolored-blackbird-breeding-phenology/recordings/download/147396394,0.20016257758449954,48462
594177091,CRam-2023-06-23_21-20.WAV,2023 Creed Rd,2023,6,23,22,20,Agelaius tricolor,Alternative Song,24.389333333333333,25.584,2625,7218.75,24000,(not validated),https://arbimon.rfcx.org/legacy-api/project/tricolored-blackbird-breeding-phenology/recordings/download/147396422,0.20182968010065158,48462
594177092,CRam-2023-06-25_10-20.WAV,2023 Creed Rd,2023,6,25,11,20,Agelaius tricolor,Alternative Song,31.189333333333334,32.384,2625,7218.75,24000,(not validated),https://arbimon.rfcx.org/legacy-api/project/tricolored-blackbird-breeding-phenology/recordings/download/147396437,0.22313675850696446,48462
594177093,CRam-2023-06-24_21-40.WAV,2023 Creed Rd,2023,6,24,22,40,Agelaius tricolor,Alternative Song,14.010666666666667,15.205333333333334,2625,7218.75,24000,(not validated),https://arbimon.rfcx.org/legacy-api/project/tricolored-blackbird-breeding-phenology/recordings/download/147396454,0.23097006996114688,48462
594177094,CRam-2023-06-23_15-40.WAV,2023 Creed Rd,2023,6,23,16,40,Agelaius tricolor,Alternative Song,36.74666666666667,37.94133333333333,2625,7218.75,24000,(not validated),https://arbimon.rfcx.org/legacy-api/project/tricolored-blackbird-breeding-phenology/recordings/download/147396466,0.20093145580986846,48462
594177095,CRam-2023-06-26_06-20.WAV,2023 Creed Rd,2023,6,26,7,20,Agelaius tricolor,Alternative Song,34,35.19466666666667,2625,7218.75,24000,(not validated),https://arbimon.rfcx.org/legacy-api/project/tricolored-blackbird-breeding-phenology/recordings/download/147396468,0.2183879586013829,48462
594177096,CRam-2023-06-23_12-20.WAV,2023 Creed Rd,2023,6,23,13,20,Agelaius tricolor,Alternative Song,50.896,52.090666666666664,2625,7218.75,24000,(not validated),https://arbimon.rfcx.org/legacy-api/project/tricolored-blackbird-breeding-phenology/recordings/download/147396469,0.2207470344250885,48462
594177097,CRam-2023-06-24_03-20.WAV,2023 Creed Rd,2023,6,24,4,20,Agelaius tricolor,Alternative Song,55.46666666666667,56.66133333333333,2625,7218.75,24000,(not validated),https://arbimon.rfcx.org/legacy-api/project/tricolored-blackbird-breeding-phenology/recordings/download/147396476,0.21325859112169185,48462
594177098,CRam-2023-06-26_03-20.WAV,2023 Creed Rd,2023,6,26,4,20,Agelaius tricolor,Alternative Song,37.205333333333336,38.4,2625,7218.75,24000,(not validated),https://arbimon.rfcx.org/legacy-api/project/tricolored-blackbird-breeding-phenology/recordings/download/147396482,0.2027669507761415,48462
594177099,CRam-2023-06-23_09-20.WAV,2023 Creed Rd,2023,6,23,10,20,Agelaius tricolor,Alternative Song,29.893333333333334,31.088,2625,7218.75,24000,(not validated),https://arbimon.rfcx.org/legacy-api/project/tricolored-blackbird-breeding-phenology/recordings/download/147396496,0.22404814398281891,48462
594177100,CRam-2023-06-24_16-40.WAV,2023 Creed Rd,2023,6,24,17,40,Agelaius tricolor,Alternative Song,26.938666666666666,28.133333333333333,2625,7218.75,24000,(not validated),https://arbimon.rfcx.org/legacy-api/project/tricolored-blackbird-breeding-phenology/recordings/download/147396497,0.21295230561079434,48462
594177101,CRam-2023-06-25_19-20.WAV,2023 Creed Rd,2023,6,25,20,20,Agelaius tricolor,Alternative Song,1.152,2.3466666666666667,2625,7218.75,24000,(not validated),https://arbimon.rfcx.org/legacy-api/project/tricolored-blackbird-breeding-phenology/recordings/download/147396513,0.2030019121714585,48462
594177102,CRam-2023-06-24_02-40.WAV,2023 Creed Rd,2023,6,24,3,40,Agelaius tricolor,Alternative Song,1.7226666666666666,2.917333333333333,2625,7218.75,24000,(not validated),https://arbimon.rfcx.org/legacy-api/project/tricolored-blackbird-breeding-phenology/recordings/download/147396515,0.20625936562438735,48462
594177103,CRam-2023-07-11_18-40.WAV,2023 Creed Rd,2023,7,11,19,40,Agelaius tricolor,Alternative Song,18.592,19.786666666666665,2625,7218.75,24000,(not validated),https://arbimon.rfcx.org/legacy-api/project/tricolored-blackbird-breeding-phenology/recordings/download/147393775,0.20978756967006154,48462
594177104,CRam-2023-07-09_15-00.WAV,2023 Creed Rd,2023,7,9,16,0,Agelaius tricolor,Alternative Song,34.63466666666667,35.82933333333333,2625,7218.75,24000,(not validated),https://arbimon.rfcx.org/legacy-api/project/tricolored-blackbird-breeding-phenology/recordings/download/147393956,0.21104521172894475,48462
594177105,CRam-2023-07-09_12-40.WAV,2023 Creed Rd,2023,7,9,13,40,Agelaius tricolor,Alternative Song,56.74133333333333,57.936,2625,7218.75,24000,(not validated),https://arbimon.rfcx.org/legacy-api/project/tricolored-blackbird-breeding-phenology/recordings/download/147393986,0.21725186346229927,48462
594177106,CRam-2023-07-08_19-40.WAV,2023 Creed Rd,2023,7,8,20,40,Agelaius tricolor,Alternative Song,53.989333333333335,55.184,2625,7218.75,24000,(not validated),https://arbimon.rfcx.org/legacy-api/project/tricolored-blackbird-breeding-phenology/recordings/download/147394148,0.21227677815073157,48462
594177107,CRam-2023-07-08_08-00.WAV,2023 Creed Rd,2023,7,8,9,0,Agelaius tricolor,Alternative Song,58.51733333333333,59.712,2625,7218.75,24000,(not validated),https://arbimon.rfcx.org/legacy-api/project/tricolored-blackbird-breeding-phenology/recordings/download/147394201,0.2008635469826008,48462
594177297,CRam-2023-06-19_21-20.WAV,2023 Creed Rd,2023,6,19,22,20,Agelaius tricolor,Alternative Song,51.55733333333333,52.752,2625,7218.75,24000,(not validated),https://arbimon.rfcx.org/legacy-api/project/tricolored-blackbird-breeding-phenology/recordings/download/147397246,0.23844495955571912,48462
594177298,CRam-2023-06-19_18-40.WAV,2023 Creed Rd,2023,6,19,19,40,Agelaius tricolor,Alternative Song,30.08,31.27466666666667,2625,7218.75,24000,(not validated),https://arbimon.rfcx.org/legacy-api/project/tricolored-blackbird-breeding-phenology/recordings/download/147397249,0.21180451341895623,48462
594177299,CRam-2023-06-19_20-00.WAV,2023 Creed Rd,2023,6,19,21,0,Agelaius tricolor,Alternative Song,34.46933333333333,35.664,2625,7218.75,24000,(not validated),https://arbimon.rfcx.org/legacy-api/project/tricolored-blackbird-breeding-phenology/recordings/download/147397259,0.21340945203248676,48462
594177300,CRam-2023-06-19_19-40.WAV,2023 Creed Rd,2023,6,19,20,40,Agelaius tricolor,Alternative Song,4.037333333333334,5.232,2625,7218.75,24000,(not validated),https://arbimon.rfcx.org/legacy-api/project/tricolored-blackbird-breeding-phenology/recordings/download/147397267,0.25754102526398925,48462
594177301,CRam-2023-06-19_10-20.WAV,2023 Creed Rd,2023,6,19,11,20,Agelaius tricolor,Alternative Song,27.504,28.698666666666668,2625,7218.75,24000,(not validated),https://arbimon.rfcx.org/legacy-api/project/tricolored-blackbird-breeding-phenology/recordings/download/147397308,0.21267513235306162,48462
594177302,CRam-2023-06-19_08-40.WAV,2023 Creed Rd,2023,6,19,9,40,Agelaius tricolor,Alternative Song,12.858666666666666,14.053333333333333,2625,7218.75,24000,(not validated),https://arbimon.rfcx.org/legacy-api/project/tricolored-blackbird-breeding-phenology/recordings/download/147397317,0.22542121147207017,48462
594177303,CRam-2023-06-19_08-00.WAV,2023 Creed Rd,2023,6,19,9,0,Agelaius tricolor,Alternative Song,17.888,19.082666666666668,2625,7218.75,24000,(not validated),https://arbimon.rfcx.org/legacy-api/project/tricolored-blackbird-breeding-phenology/recordings/download/147397318,0.20735340866934304,48462
594177304,CRam-2023-06-19_08-20.WAV,2023 Creed Rd,2023,6,19,9,20,Agelaius tricolor,Alternative Song,26.085333333333335,27.28,2625,7218.75,24000,(not validated),https://arbimon.rfcx.org/legacy-api/project/tricolored-blackbird-breeding-phenology/recordings/download/147397322,0.20969637526547555,48462
594177305,CRam-2023-06-19_07-00.WAV,2023 Creed Rd,2023,6,19,8,0,Agelaius tricolor,Alternative Song,5.802666666666667,6.997333333333334,2625,7218.75,24000,(not validated),https://arbimon.rfcx.org/legacy-api/project/tricolored-blackbird-breeding-phenology/recordings/download/147397333,0.21896561231742362,48462
594177306,CRam-2023-06-19_07-40.WAV,2023 Creed Rd,2023,6,19,8,40,Agelaius tricolor,Alternative Song,0.448,1.6426666666666667,2625,7218.75,24000,(not validated),https://arbimon.rfcx.org/legacy-api/project/tricolored-blackbird-breeding-phenology/recordings/download/147397334,0.2124121309306097,48462
594177307,CRam-2023-06-19_06-40.WAV,2023 Creed Rd,2023,6,19,7,40,Agelaius tricolor,Alternative Song,56.224,57.41866666666667,2625,7218.75,24000,(not validated),https://arbimon.rfcx.org/legacy-api/project/tricolored-blackbird-breeding-phenology/recordings/download/147397349,0.22205729398983468,48462
594177308,CRam-2023-06-19_00-40.WAV,2023 Creed Rd,2023,6,19,1,40,Agelaius tricolor,Alternative Song,31.034666666666666,32.22933333333334,2625,7218.75,24000,(not validated),https://arbimon.rfcx.org/legacy-api/project/tricolored-blackbird-breeding-phenology/recordings/download/147397371,0.20564790951158948,48462
594177309,CRam-2023-06-18_21-40.WAV,2023 Creed Rd,2023,6,18,22,40,Agelaius tricolor,Alternative Song,10.805333333333333,12,2625,7218.75,24000,(not validated),https://arbimon.rfcx.org/legacy-api/project/tricolored-blackbird-breeding-phenology/recordings/download/147397394,0.21613516595196486,48462
594177310,CRam-2023-06-18_21-00.WAV,2023 Creed Rd,2023,6,18,22,0,Agelaius tricolor,Alternative Song,43.99466666666667,45.18933333333333,2625,7218.75,24000,(not validated),https://arbimon.rfcx.org/legacy-api/project/tricolored-blackbird-breeding-phenology/recordings/download/147397409,0.20282249704314312,48462
594177311,CRam-2023-06-18_19-40.WAV,2023 Creed Rd,2023,6,18,20,40,Agelaius tricolor,Alternative Song,48.016,49.21066666666667,2625,7218.75,24000,(not validated),https://arbimon.rfcx.org/legacy-api/project/tricolored-blackbird-breeding-phenology/recordings/download/147397419,0.24913107507367913,48462
594177312,CRam-2023-06-18_19-00.WAV,2023 Creed Rd,2023,6,18,20,0,Agelaius tricolor,Alternative Song,6.096,7.290666666666667,2625,7218.75,24000,(not validated),https://arbimon.rfcx.org/legacy-api/project/tricolored-blackbird-breeding-phenology/recordings/download/147397425,0.20770970481702997,48462
594177313,CRam-2023-06-18_13-20.WAV,2023 Creed Rd,2023,6,18,14,20,Agelaius tricolor,Alternative Song,57.952,59.14666666666667,2625,7218.75,24000,(not validated),https://arbimon.rfcx.org/legacy-api/project/tricolored-blackbird-breeding-phenology/recordings/download/147397458,0.20759792550169254,48462
594177314,CRam-2023-06-18_12-00.WAV,2023 Creed Rd,2023,6,18,13,0,Agelaius tricolor,Alternative Song,11.098666666666666,12.293333333333333,2625,7218.75,24000,(not validated),https://arbimon.rfcx.org/legacy-api/project/tricolored-blackbird-breeding-phenology/recordings/download/147397462,0.2088223459819077,48462
594177315,CRam-2023-06-18_11-40.WAV,2023 Creed Rd,2023,6,18,12,40,Agelaius tricolor,Alternative Song,41.104,42.29866666666667,2625,7218.75,24000,(not validated),https://arbimon.rfcx.org/legacy-api/project/tricolored-blackbird-breeding-phenology/recordings/download/147397464,0.2530079466014387,48462
594177316,CRam-2023-06-18_08-40.WAV,2023 Creed Rd,2023,6,18,9,40,Agelaius tricolor,Alternative Song,58.144,59.33866666666667,2625,7218.75,24000,(not validated),https://arbimon.rfcx.org/legacy-api/project/tricolored-blackbird-breeding-phenology/recordings/download/147397474,0.21109538259973104,48462
594177317,CRam-2023-06-18_09-00.WAV,2023 Creed Rd,2023,6,18,10,0,Agelaius tricolor,Alternative Song,28.170666666666666,29.365333333333332,2625,7218.75,24000,(not validated),https://arbimon.rfcx.org/legacy-api/project/tricolored-blackbird-breeding-phenology/recordings/download/147397482,0.21751702075825932,48462
594177318,CRam-2023-06-18_08-00.WAV,2023 Creed Rd,2023,6,18,9,0,Agelaius tricolor,Alternative Song,53.91466666666667,55.10933333333333,2625,7218.75,24000,(not validated),https://arbimon.rfcx.org/legacy-api/project/tricolored-blackbird-breeding-phenology/recordings/download/147397487,0.20297347478187977,48462
594177319,CRam-2023-06-18_09-20.WAV,2023 Creed Rd,2023,6,18,10,20,Agelaius tricolor,Alternative Song,6.432,7.626666666666667,2625,7218.75,24000,(not validated),https://arbimon.rfcx.org/legacy-api/project/tricolored-blackbird-breeding-phenology/recordings/download/147397490,0.2191017148535856,48462
594177320,CRam-2023-06-18_03-20.WAV,2023 Creed Rd,2023,6,18,4,20,Agelaius tricolor,Alternative Song,14.048,15.242666666666667,2625,7218.75,24000,(not validated),https://arbimon.rfcx.org/legacy-api/project/tricolored-blackbird-breeding-phenology/recordings/download/147397498,0.23810668846777297,48462
594177321,CRam-2023-06-18_03-00.WAV,2023 Creed Rd,2023,6,18,4,0,Agelaius tricolor,Alternative Song,40.50666666666667,41.70133333333333,2625,7218.75,24000,(not validated),https://arbimon.rfcx.org/legacy-api/project/tricolored-blackbird-breeding-phenology/recordings/download/147397500,0.21623011848396276,48462
594177322,CRam-2023-06-18_01-20.WAV,2023 Creed Rd,2023,6,18,2,20,Agelaius tricolor,Alternative Song,14.608,15.802666666666667,2625,7218.75,24000,(not validated),https://arbimon.rfcx.org/legacy-api/project/tricolored-blackbird-breeding-phenology/recordings/download/147397510,0.21244540156393996,48462
594177323,CRam-2023-06-18_00-00.WAV,2023 Creed Rd,2023,6,18,1,0,Agelaius tricolor,Alternative Song,47.744,48.93866666666667,2625,7218.75,24000,(not validated),https://arbimon.rfcx.org/legacy-api/project/tricolored-blackbird-breeding-phenology/recordings/download/147397511,0.2180958388756874,48462
594177324,CRam-2023-06-18_02-00.WAV,2023 Creed Rd,2023,6,18,3,0,Agelaius tricolor,Alternative Song,48.437333333333335,49.632,2625,7218.75,24000,(not validated),https://arbimon.rfcx.org/legacy-api/project/tricolored-blackbird-breeding-phenology/recordings/download/147397514,0.20180560444048753,48462
594177325,CRam-2023-06-18_07-40.WAV,2023 Creed Rd,2023,6,18,8,40,Agelaius tricolor,Alternative Song,42.31466666666667,43.50933333333333,2625,7218.75,24000,(not validated),https://arbimon.rfcx.org/legacy-api/project/tricolored-blackbird-breeding-phenology/recordings/download/147397520,0.2419066678051563,48462
594177326,CRam-2023-06-18_01-00.WAV,2023 Creed Rd,2023,6,18,2,0,Agelaius tricolor,Alternative Song,12.613333333333333,13.808,2625,7218.75,24000,(not validated),https://arbimon.rfcx.org/legacy-api/project/tricolored-blackbird-breeding-phenology/recordings/download/147397524,0.20787341350530997,48462
594177327,CRam-2023-06-18_00-20.WAV,2023 Creed Rd,2023,6,18,1,20,Agelaius tricolor,Alternative Song,24.021333333333335,25.216,2625,7218.75,24000,(not validated),https://arbimon.rfcx.org/legacy-api/project/tricolored-blackbird-breeding-phenology/recordings/download/147397536,0.20777056503011782,48462
594177328,CRam-2023-06-18_07-20.WAV,2023 Creed Rd,2023,6,18,8,20,Agelaius tricolor,Alternative Song,33.141333333333336,34.336,2625,7218.75,24000,(not validated),https://arbimon.rfcx.org/legacy-api/project/tricolored-blackbird-breeding-phenology/recordings/download/147397545,0.22904709534587447,48462
594177329,CRam-2023-06-18_05-40.WAV,2023 Creed Rd,2023,6,18,6,40,Agelaius tricolor,Alternative Song,24.192,25.386666666666667,2625,7218.75,24000,(not validated),https://arbimon.rfcx.org/legacy-api/project/tricolored-blackbird-breeding-phenology/recordings/download/147397546,0.216212745362114,48462
594177330,CRam-2023-06-18_00-40.WAV,2023 Creed Rd,2023,6,18,1,40,Agelaius tricolor,Alternative Song,14.554666666666666,15.749333333333333,2625,7218.75,24000,(not validated),https://arbimon.rfcx.org/legacy-api/project/tricolored-blackbird-breeding-phenology/recordings/download/147397547,0.23929014227474849,48462
594177331,CRam-2023-06-18_04-20.WAV,2023 Creed Rd,2023,6,18,5,20,Agelaius tricolor,Alternative Song,24.421333333333333,25.616,2625,7218.75,24000,(not validated),https://arbimon.rfcx.org/legacy-api/project/tricolored-blackbird-breeding-phenology/recordings/download/147397563,0.21262362661001516,48462
594177332,CRam-2023-06-17_23-00.WAV,2023 Creed Rd,2023,6,18,0,0,Agelaius tricolor,Alternative Song,28.874666666666666,30.069333333333333,2625,7218.75,24000,(not validated),https://arbimon.rfcx.org/legacy-api/project/tricolored-blackbird-breeding-phenology/recordings/download/147397564,0.21508572399452797,48462
594177333,CRam-2023-06-17_11-20.WAV,2023 Creed Rd,2023,6,17,12,20,Agelaius tricolor,Alternative Song,58.13333333333333,59.328,2625,7218.75,24000,(not validated),https://arbimon.rfcx.org/legacy-api/project/tricolored-blackbird-breeding-phenology/recordings/download/147397567,0.212697645714074,48462
594177334,CRam-2023-06-17_17-00.WAV,2023 Creed Rd,2023,6,17,18,0,Agelaius tricolor,Alternative Song,14.8,15.994666666666667,2625,7218.75,24000,(not validated),https://arbimon.rfcx.org/legacy-api/project/tricolored-blackbird-breeding-phenology/recordings/download/147397575,0.2112023776243897,48462
594177335,CRam-2023-06-17_16-20.WAV,2023 Creed Rd,2023,6,17,17,20,Agelaius tricolor,Alternative Song,17.866666666666667,19.061333333333334,2625,7218.75,24000,(not validated),https://arbimon.rfcx.org/legacy-api/project/tricolored-blackbird-breeding-phenology/recordings/download/147397576,0.20328103001903658,48462
594177336,CRam-2023-06-17_21-00.WAV,2023 Creed Rd,2023,6,17,22,0,Agelaius tricolor,Alternative Song,28.78933333333333,29.984,2625,7218.75,24000,(not validated),https://arbimon.rfcx.org/legacy-api/project/tricolored-blackbird-breeding-phenology/recordings/download/147397588,0.20489997469891585,48462
594177337,CRam-2023-06-17_19-40.WAV,2023 Creed Rd,2023,6,17,20,40,Agelaius tricolor,Alternative Song,52.00533333333333,53.2,2625,7218.75,24000,(not validated),https://arbimon.rfcx.org/legacy-api/project/tricolored-blackbird-breeding-phenology/recordings/download/147397599,0.2032126641887383,48462
594177338,CRam-2023-06-17_13-20.WAV,2023 Creed Rd,2023,6,17,14,20,Agelaius tricolor,Alternative Song,33.18933333333333,34.384,2625,7218.75,24000,(not validated),https://arbimon.rfcx.org/legacy-api/project/tricolored-blackbird-breeding-phenology/recordings/download/147397635,0.2247737854332276,48462
594177339,CRam-2023-06-17_05-00.WAV,2023 Creed Rd,2023,6,17,6,0,Agelaius tricolor,Alternative Song,2.1546666666666665,3.3493333333333335,2625,7218.75,24000,(not validated),https://arbimon.rfcx.org/legacy-api/project/tricolored-blackbird-breeding-phenology/recordings/download/147397658,0.2009010163367383,48462
594177340,CRam-2023-05-16_02-40.WAV,2023 Creed Rd,2023,5,16,3,40,Agelaius tricolor,Alternative Song,35.909333333333336,37.104,2625,7218.75,24000,(not validated),https://arbimon.rfcx.org/legacy-api/project/tricolored-blackbird-breeding-phenology/recordings/download/147403535,0.21221606863362566,48462
594177341,CRam-2023-05-16_20-40.WAV,2023 Creed Rd,2023,5,16,21,40,Agelaius tricolor,Alternative Song,46.693333333333335,47.888,2625,7218.75,24000,(not validated),https://arbimon.rfcx.org/legacy-api/project/tricolored-blackbird-breeding-phenology/recordings/download/147403560,0.20240274015658977,48462
594177342,CRam-2023-05-16_03-00.WAV,2023 Creed Rd,2023,5,16,4,0,Agelaius tricolor,Alternative Song,36.45333333333333,37.648,2625,7218.75,24000,(not validated),https://arbimon.rfcx.org/legacy-api/project/tricolored-blackbird-breeding-phenology/recordings/download/147403614,0.2181674417065015,48462
594177343,CRam-2023-05-15_20-00.WAV,2023 Creed Rd,2023,5,15,21,0,Agelaius tricolor,Alternative Song,57.76533333333333,58.96,2625,7218.75,24000,(not validated),https://arbimon.rfcx.org/legacy-api/project/tricolored-blackbird-breeding-phenology/recordings/download/147403639,0.21851304850431272,48462
594177344,CRam-2023-05-17_05-20.WAV,2023 Creed Rd,2023,5,17,6,20,Agelaius tricolor,Alternative Song,45.41866666666667,46.61333333333334,2625,7218.75,24000,(not validated),https://arbimon.rfcx.org/legacy-api/project/tricolored-blackbird-breeding-phenology/recordings/download/147403654,0.24605524515156837,48462
594177345,CRam-2023-05-15_05-20.WAV,2023 Creed Rd,2023,5,15,6,20,Agelaius tricolor,Alternative Song,1.456,2.6506666666666665,2625,7218.75,24000,(not validated),https://arbimon.rfcx.org/legacy-api/project/tricolored-blackbird-breeding-phenology/recordings/download/147403663,0.23732879739940205,48462
594177346,CRam-2023-05-14_05-20.WAV,2023 Creed Rd,2023,5,14,6,20,Agelaius tricolor,Alternative Song,5.498666666666667,6.693333333333333,2625,7218.75,24000,(not validated),https://arbimon.rfcx.org/legacy-api/project/tricolored-blackbird-breeding-phenology/recordings/download/147403746,0.2141592384585751,48462
594177347,CRam-2023-05-15_12-20.WAV,2023 Creed Rd,2023,5,15,13,20,Agelaius tricolor,Alternative Song,11.216,12.410666666666666,2625,7218.75,24000,(not validated),https://arbimon.rfcx.org/legacy-api/project/tricolored-blackbird-breeding-phenology/recordings/download/147403788,0.21830433666195542,48462
594177348,CRam-2023-05-16_05-40.WAV,2023 Creed Rd,2023,5,16,6,40,Agelaius tricolor,Alternative Song,5.9093333333333335,7.104,2625,7218.75,24000,(not validated),https://arbimon.rfcx.org/legacy-api/project/tricolored-blackbird-breeding-phenology/recordings/download/147403812,0.23363422202137596,48462
594177349,CRam-2023-05-15_05-40.WAV,2023 Creed Rd,2023,5,15,6,40,Agelaius tricolor,Alternative Song,2.9386666666666668,4.133333333333334,2625,7218.75,24000,(not validated),https://arbimon.rfcx.org/legacy-api/project/tricolored-blackbird-breeding-phenology/recordings/download/147403820,0.22211842355818462,48462
594177350,CRam-2023-05-15_20-20.WAV,2023 Creed Rd,2023,5,15,21,20,Agelaius tricolor,Alternative Song,47.141333333333336,48.336,2625,7218.75,24000,(not validated),https://arbimon.rfcx.org/legacy-api/project/tricolored-blackbird-breeding-phenology/recordings/download/147403833,0.23900220733451732,48462
594177351,CRam-2023-05-15_07-20.WAV,2023 Creed Rd,2023,5,15,8,20,Agelaius tricolor,Alternative Song,18.293333333333333,19.488,2625,7218.75,24000,(not validated),https://arbimon.rfcx.org/legacy-api/project/tricolored-blackbird-breeding-phenology/recordings/download/147403898,0.27135080967818404,48462
594177423,CRam-2023-06-24_09-20.WAV,2023 Creed Rd,2023,6,24,10,20,Agelaius tricolor,Alternative Song,3.6,4.794666666666667,2625,7218.75,24000,(not validated),https://arbimon.rfcx.org/legacy-api/project/tricolored-blackbird-breeding-phenology/recordings/download/147396532,0.22258783168038243,48462
594177424,CRam-2023-06-23_03-20.WAV,2023 Creed Rd,2023,6,23,4,20,Agelaius tricolor,Alternative Song,6.592,7.786666666666667,2625,7218.75,24000,(not validated),https://arbimon.rfcx.org/legacy-api/project/tricolored-blackbird-breeding-phenology/recordings/download/147396543,0.20277796471675688,48462
594177425,CRam-2023-06-23_23-20.WAV,2023 Creed Rd,2023,6,24,0,20,Agelaius tricolor,Alternative Song,17.024,18.218666666666667,2625,7218.75,24000,(not validated),https://arbimon.rfcx.org/legacy-api/project/tricolored-blackbird-breeding-phenology/recordings/download/147396544,0.2161715501951498,48462
594177426,CRam-2023-06-23_01-40.WAV,2023 Creed Rd,2023,6,23,2,40,Agelaius tricolor,Alternative Song,24.293333333333333,25.488,2625,7218.75,24000,(not validated),https://arbimon.rfcx.org/legacy-api/project/tricolored-blackbird-breeding-phenology/recordings/download/147396562,0.21455300510029396,48462
594177427,CRam-2023-06-23_01-00.WAV,2023 Creed Rd,2023,6,23,2,0,Agelaius tricolor,Alternative Song,55.76533333333333,56.96,2625,7218.75,24000,(not validated),https://arbimon.rfcx.org/legacy-api/project/tricolored-blackbird-breeding-phenology/recordings/download/147396564,0.21112919840883418,48462
594177428,CRam-2023-06-23_00-20.WAV,2023 Creed Rd,2023,6,23,1,20,Agelaius tricolor,Alternative Song,37.97866666666667,39.17333333333333,2625,7218.75,24000,(not validated),https://arbimon.rfcx.org/legacy-api/project/tricolored-blackbird-breeding-phenology/recordings/download/147396565,0.21111531857255833,48462
594177429,CRam-2023-06-22_23-00.WAV,2023 Creed Rd,2023,6,23,0,0,Agelaius tricolor,Alternative Song,49.541333333333334,50.736,2625,7218.75,24000,(not validated),https://arbimon.rfcx.org/legacy-api/project/tricolored-blackbird-breeding-phenology/recordings/download/147396589,0.2010246092844964,48462
594177430,CRam-2023-06-22_22-20.WAV,2023 Creed Rd,2023,6,22,23,20,Agelaius tricolor,Alternative Song,40.4,41.59466666666667,2625,7218.75,24000,(not validated),https://arbimon.rfcx.org/legacy-api/project/tricolored-blackbird-breeding-phenology/recordings/download/147396597,0.2148164629713255,48462
594177431,CRam-2023-06-23_20-00.WAV,2023 Creed Rd,2023,6,23,21,0,Agelaius tricolor,Alternative Song,13.909333333333333,15.104,2625,7218.75,24000,(not validated),https://arbimon.rfcx.org/legacy-api/project/tricolored-blackbird-breeding-phenology/recordings/download/147396598,0.20662512288698112,48462
594177432,CRam-2023-06-23_11-40.WAV,2023 Creed Rd,2023,6,23,12,40,Agelaius tricolor,Alternative Song,11.301333333333334,12.496,2625,7218.75,24000,(not validated),https://arbimon.rfcx.org/legacy-api/project/tricolored-blackbird-breeding-phenology/recordings/download/147396606,0.22724580161240626,48462
594177433,CRam-2023-06-25_05-20.WAV,2023 Creed Rd,2023,6,25,6,20,Agelaius tricolor,Alternative Song,31.189333333333334,32.384,2625,7218.75,24000,(not validated),https://arbimon.rfcx.org/legacy-api/project/tricolored-blackbird-breeding-phenology/recordings/download/147396610,0.2079850945189159,48462
594177434,CRam-2023-06-23_22-40.WAV,2023 Creed Rd,2023,6,23,23,40,Agelaius tricolor,Alternative Song,13.968,15.162666666666667,2625,7218.75,24000,(not validated),https://arbimon.rfcx.org/legacy-api/project/tricolored-blackbird-breeding-phenology/recordings/download/147396619,0.2039914245874102,48462
594177435,CRam-2023-06-23_13-00.WAV,2023 Creed Rd,2023,6,23,14,0,Agelaius tricolor,Alternative Song,53.94133333333333,55.136,2625,7218.75,24000,(not validated),https://arbimon.rfcx.org/legacy-api/project/tricolored-blackbird-breeding-phenology/recordings/download/147396628,0.21161324852671426,48462
594177436,CRam-2023-06-22_19-00.WAV,2023 Creed Rd,2023,6,22,20,0,Agelaius tricolor,Alternative Song,1.2693333333333334,2.464,2625,7218.75,24000,(not validated),https://arbimon.rfcx.org/legacy-api/project/tricolored-blackbird-breeding-phenology/recordings/download/147396631,0.22815473387335952,48462
594177437,CRam-2023-06-22_19-40.WAV,2023 Creed Rd,2023,6,22,20,40,Agelaius tricolor,Alternative Song,50.80533333333333,52,2625,7218.75,24000,(not validated),https://arbimon.rfcx.org/legacy-api/project/tricolored-blackbird-breeding-phenology/recordings/download/147396636,0.22375008947668854,48462
594177438,CRam-2023-06-23_18-00.WAV,2023 Creed Rd,2023,6,23,19,0,Agelaius tricolor,Alternative Song,21.850666666666665,23.045333333333332,2625,7218.75,24000,(not validated),https://arbimon.rfcx.org/legacy-api/project/tricolored-blackbird-breeding-phenology/recordings/download/147396644,0.2049328629003758,48462
594177439,CRam-2023-06-22_17-00.WAV,2023 Creed Rd,2023,6,22,18,0,Agelaius tricolor,Alternative Song,3.216,4.410666666666667,2625,7218.75,24000,(not validated),https://arbimon.rfcx.org/legacy-api/project/tricolored-blackbird-breeding-phenology/recordings/download/147396656,0.22593528585341846,48462
594177440,CRam-2023-06-23_06-00.WAV,2023 Creed Rd,2023,6,23,7,0,Agelaius tricolor,Alternative Song,26.064,27.258666666666667,2625,7218.75,24000,(not validated),https://arbimon.rfcx.org/legacy-api/project/tricolored-blackbird-breeding-phenology/recordings/download/147396670,0.2006647506430042,48462
594177441,CRam-2023-06-23_05-40.WAV,2023 Creed Rd,2023,6,23,6,40,Agelaius tricolor,Alternative Song,49.64266666666666,50.83733333333333,2625,7218.75,24000,(not validated),https://arbimon.rfcx.org/legacy-api/project/tricolored-blackbird-breeding-phenology/recordings/download/147396672,0.20399236257768366,48462
594177442,CRam-2023-06-23_01-20.WAV,2023 Creed Rd,2023,6,23,2,20,Agelaius tricolor,Alternative Song,10.890666666666666,12.085333333333333,2625,7218.75,24000,(not validated),https://arbimon.rfcx.org/legacy-api/project/tricolored-blackbird-breeding-phenology/recordings/download/147396676,0.22096952629707498,48462
594177443,CRam-2023-06-22_20-20.WAV,2023 Creed Rd,2023,6,22,21,20,Agelaius tricolor,Alternative Song,5.9093333333333335,7.104,2625,7218.75,24000,(not validated),https://arbimon.rfcx.org/legacy-api/project/tricolored-blackbird-breeding-phenology/recordings/download/147396694,0.20195740802698764,48462
594177444,CRam-2023-06-22_11-20.WAV,2023 Creed Rd,2023,6,22,12,20,Agelaius tricolor,Alternative Song,49.44,50.63466666666667,2625,7218.75,24000,(not validated),https://arbimon.rfcx.org/legacy-api/project/tricolored-blackbird-breeding-phenology/recordings/download/147396702,0.21402308179853385,48462
594177445,CRam-2023-06-22_18-40.WAV,2023 Creed Rd,2023,6,22,19,40,Agelaius tricolor,Alternative Song,31.12,32.31466666666667,2625,7218.75,24000,(not validated),https://arbimon.rfcx.org/legacy-api/project/tricolored-blackbird-breeding-phenology/recordings/download/147396712,0.20265969366880476,48462
594177446,CRam-2023-06-23_11-00.WAV,2023 Creed Rd,2023,6,23,12,0,Agelaius tricolor,Alternative Song,55.31733333333333,56.512,2625,7218.75,24000,(not validated),https://arbimon.rfcx.org/legacy-api/project/tricolored-blackbird-breeding-phenology/recordings/download/147396714,0.22353191452860102,48462
594177447,CRam-2023-06-22_21-20.WAV,2023 Creed Rd,2023,6,22,22,20,Agelaius tricolor,Alternative Song,11.765333333333333,12.96,2625,7218.75,24000,(not validated),https://arbimon.rfcx.org/legacy-api/project/tricolored-blackbird-breeding-phenology/recordings/download/147396715,0.24751330248898606,48462
594177448,CRam-2023-06-22_09-20.WAV,2023 Creed Rd,2023,6,22,10,20,Agelaius tricolor,Alternative Song,29.893333333333334,31.088,2625,7218.75,24000,(not validated),https://arbimon.rfcx.org/legacy-api/project/tricolored-blackbird-breeding-phenology/recordings/download/147396730,0.2048897686187413,48462
594177449,CRam-2023-06-23_02-20.WAV,2023 Creed Rd,2023,6,23,3,20,Agelaius tricolor,Alternative Song,11.664,12.858666666666666,2625,7218.75,24000,(not validated),https://arbimon.rfcx.org/legacy-api/project/tricolored-blackbird-breeding-phenology/recordings/download/147396746,0.21975791626205057,48462
594177450,CRam-2023-06-22_22-00.WAV,2023 Creed Rd,2023,6,22,23,0,Agelaius tricolor,Alternative Song,42.87466666666667,44.06933333333333,2625,7218.75,24000,(not validated),https://arbimon.rfcx.org/legacy-api/project/tricolored-blackbird-breeding-phenology/recordings/download/147396765,0.23782103847543568,48462
594177451,CRam-2023-06-22_06-20.WAV,2023 Creed Rd,2023,6,22,7,20,Agelaius tricolor,Alternative Song,21.952,23.14666666666667,2625,7218.75,24000,(not validated),https://arbimon.rfcx.org/legacy-api/project/tricolored-blackbird-breeding-phenology/recordings/download/147396767,0.20191366081372075,48462
594177452,CRam-2023-06-22_12-00.WAV,2023 Creed Rd,2023,6,22,13,0,Agelaius tricolor,Alternative Song,3.6693333333333333,4.864,2625,7218.75,24000,(not validated),https://arbimon.rfcx.org/legacy-api/project/tricolored-blackbird-breeding-phenology/recordings/download/147396773,0.21224394867430033,48462
594177453,CRam-2023-06-22_05-40.WAV,2023 Creed Rd,2023,6,22,6,40,Agelaius tricolor,Alternative Song,0.976,2.1706666666666665,2625,7218.75,24000,(not validated),https://arbimon.rfcx.org/legacy-api/project/tricolored-blackbird-breeding-phenology/recordings/download/147396789,0.2074777244181061,48462
594177454,CRam-2023-06-22_01-20.WAV,2023 Creed Rd,2023,6,22,2,20,Agelaius tricolor,Alternative Song,6.2026666666666666,7.397333333333333,2625,7218.75,24000,(not validated),https://arbimon.rfcx.org/legacy-api/project/tricolored-blackbird-breeding-phenology/recordings/download/147396794,0.2406474303693096,48462
594177455,CRam-2023-06-22_01-00.WAV,2023 Creed Rd,2023,6,22,2,0,Agelaius tricolor,Alternative Song,4.026666666666666,5.221333333333333,2625,7218.75,24000,(not validated),https://arbimon.rfcx.org/legacy-api/project/tricolored-blackbird-breeding-phenology/recordings/download/147396797,0.20363043909770168,48462
594177456,CRam-2023-06-22_02-40.WAV,2023 Creed Rd,2023,6,22,3,40,Agelaius tricolor,Alternative Song,29.834666666666667,31.029333333333334,2625,7218.75,24000,(not validated),https://arbimon.rfcx.org/legacy-api/project/tricolored-blackbird-breeding-phenology/recordings/download/147396808,0.2349843410964001,48462
594177457,CRam-2023-06-22_07-00.WAV,2023 Creed Rd,2023,6,22,8,0,Agelaius tricolor,Alternative Song,25.429333333333332,26.624,2625,7218.75,24000,(not validated),https://arbimon.rfcx.org/legacy-api/project/tricolored-blackbird-breeding-phenology/recordings/download/147396829,0.20061284847235603,48462
594177458,CRam-2023-06-22_04-40.WAV,2023 Creed Rd,2023,6,22,5,40,Agelaius tricolor,Alternative Song,49.13066666666667,50.32533333333333,2625,7218.75,24000,(not validated),https://arbimon.rfcx.org/legacy-api/project/tricolored-blackbird-breeding-phenology/recordings/download/147396831,0.20495398068898135,48462
594177459,CRam-2023-06-21_20-20.WAV,2023 Creed Rd,2023,6,21,21,20,Agelaius tricolor,Alternative Song,10.922666666666666,12.117333333333333,2625,7218.75,24000,(not validated),https://arbimon.rfcx.org/legacy-api/project/tricolored-blackbird-breeding-phenology/recordings/download/147396853,0.20387273896009847,48462
594177460,CRam-2023-06-21_17-40.WAV,2023 Creed Rd,2023,6,21,18,40,Agelaius tricolor,Alternative Song,42.53333333333333,43.728,2625,7218.75,24000,(not validated),https://arbimon.rfcx.org/legacy-api/project/tricolored-blackbird-breeding-phenology/recordings/download/147396874,0.20871666538718156,48462
594177461,CRam-2023-06-23_09-00.WAV,2023 Creed Rd,2023,6,23,10,0,Agelaius tricolor,Alternative Song,39.97866666666667,41.17333333333333,2625,7218.75,24000,(not validated),https://arbimon.rfcx.org/legacy-api/project/tricolored-blackbird-breeding-phenology/recordings/download/147396896,0.21914277385164246,48462
594177462,CRam-2023-06-21_17-00.WAV,2023 Creed Rd,2023,6,21,18,0,Agelaius tricolor,Alternative Song,30.352,31.546666666666667,2625,7218.75,24000,(not validated),https://arbimon.rfcx.org/legacy-api/project/tricolored-blackbird-breeding-phenology/recordings/download/147396925,0.20027391904045486,48462
594177463,CRam-2023-06-23_03-00.WAV,2023 Creed Rd,2023,6,23,4,0,Agelaius tricolor,Alternative Song,10.08,11.274666666666667,2625,7218.75,24000,(not validated),https://arbimon.rfcx.org/legacy-api/project/tricolored-blackbird-breeding-phenology/recordings/download/147396953,0.20609094255309032,48462
594177464,CRam-2023-06-22_22-40.WAV,2023 Creed Rd,2023,6,22,23,40,Agelaius tricolor,Alternative Song,22.944,24.138666666666666,2625,7218.75,24000,(not validated),https://arbimon.rfcx.org/legacy-api/project/tricolored-blackbird-breeding-phenology/recordings/download/147396973,0.22061837806464105,48462
594177465,CRam-2023-06-22_04-20.WAV,2023 Creed Rd,2023,6,22,5,20,Agelaius tricolor,Alternative Song,19.141333333333332,20.336,2625,7218.75,24000,(not validated),https://arbimon.rfcx.org/legacy-api/project/tricolored-blackbird-breeding-phenology/recordings/download/147397023,0.20020279656515316,48462
594177466,CRam-2023-06-21_19-40.WAV,2023 Creed Rd,2023,6,21,20,40,Agelaius tricolor,Alternative Song,12.666666666666666,13.861333333333333,2625,7218.75,24000,(not validated),https://arbimon.rfcx.org/legacy-api/project/tricolored-blackbird-breeding-phenology/recordings/download/147397061,0.22591845504487218,48462
594177467,CRam-2023-06-20_20-00.WAV,2023 Creed Rd,2023,6,20,21,0,Agelaius tricolor,Alternative Song,34.64,35.834666666666664,2625,7218.75,24000,(not validated),https://arbimon.rfcx.org/legacy-api/project/tricolored-blackbird-breeding-phenology/recordings/download/147397069,0.2013527980380675,48462
594177468,CRam-2023-06-21_16-40.WAV,2023 Creed Rd,2023,6,21,17,40,Agelaius tricolor,Alternative Song,53.717333333333336,54.912,2625,7218.75,24000,(not validated),https://arbimon.rfcx.org/legacy-api/project/tricolored-blackbird-breeding-phenology/recordings/download/147397070,0.21714630174978802,48462
594177469,CRam-2023-06-20_19-40.WAV,2023 Creed Rd,2023,6,20,20,40,Agelaius tricolor,Alternative Song,23.658666666666665,24.85333333333333,2625,7218.75,24000,(not validated),https://arbimon.rfcx.org/legacy-api/project/tricolored-blackbird-breeding-phenology/recordings/download/147397084,0.20701750890678433,48462
594177470,CRam-2023-03-29_10-20.WAV,2023 Creed Rd,2023,3,29,11,20,Agelaius tricolor,Alternative Song,3.2373333333333334,4.432,2625,7218.75,24000,(not validated),https://arbimon.rfcx.org/legacy-api/project/tricolored-blackbird-breeding-phenology/recordings/download/147412914,0.2197662607552159,48462
594177471,CRam-2023-03-28_19-20.WAV,2023 Creed Rd,2023,3,28,20,20,Agelaius tricolor,Alternative Song,43.57333333333333,44.768,2625,7218.75,24000,(not validated),https://arbimon.rfcx.org/legacy-api/project/tricolored-blackbird-breeding-phenology/recordings/download/147412992,0.20144245920830264,48462
594177472,CRam-2023-03-27_11-40.WAV,2023 Creed Rd,2023,3,27,12,40,Agelaius tricolor,Alternative Song,25.333333333333332,26.528,2625,7218.75,24000,(not validated),https://arbimon.rfcx.org/legacy-api/project/tricolored-blackbird-breeding-phenology/recordings/download/147413128,0.21104708253221455,48462
594177473,CRam-2023-03-27_11-00.WAV,2023 Creed Rd,2023,3,27,12,0,Agelaius tricolor,Alternative Song,53.434666666666665,54.629333333333335,2625,7218.75,24000,(not validated),https://arbimon.rfcx.org/legacy-api/project/tricolored-blackbird-breeding-phenology/recordings/download/147413130,0.24652762537512515,48462
594177474,CRam-2023-03-26_23-40.WAV,2023 Creed Rd,2023,3,27,0,40,Agelaius tricolor,Alternative Song,25.056,26.250666666666667,2625,7218.75,24000,(not validated),https://arbimon.rfcx.org/legacy-api/project/tricolored-blackbird-breeding-phenology/recordings/download/147413183,0.2178782207866709,48462
594177475,CRam-2023-05-12_08-00.WAV,2023 Creed Rd,2023,5,12,9,0,Agelaius tricolor,Alternative Song,20.272,21.466666666666665,2625,7218.75,24000,(not validated),https://arbimon.rfcx.org/legacy-api/project/tricolored-blackbird-breeding-phenology/recordings/download/147404048,0.20269957041685863,48462
594177476,CRam-2023-05-12_20-00.WAV,2023 Creed Rd,2023,5,12,21,0,Agelaius tricolor,Alternative Song,46.57066666666667,47.76533333333333,2625,7218.75,24000,(not validated),https://arbimon.rfcx.org/legacy-api/project/tricolored-blackbird-breeding-phenology/recordings/download/147404092,0.2250209580988193,48462
594177477,CRam-2023-05-12_20-20.WAV,2023 Creed Rd,2023,5,12,21,20,Agelaius tricolor,Alternative Song,25.552,26.746666666666666,2625,7218.75,24000,(not validated),https://arbimon.rfcx.org/legacy-api/project/tricolored-blackbird-breeding-phenology/recordings/download/147404093,0.21057052991722824,48462
594177478,CRam-2023-05-11_20-20.WAV,2023 Creed Rd,2023,5,11,21,20,Agelaius tricolor,Alternative Song,50.99733333333333,52.192,2625,7218.75,24000,(not validated),https://arbimon.rfcx.org/legacy-api/project/tricolored-blackbird-breeding-phenology/recordings/download/147404178,0.20228737659259446,48462
594177479,CRam-2023-05-11_05-40.WAV,2023 Creed Rd,2023,5,11,6,40,Agelaius tricolor,Alternative Song,18.165333333333333,19.36,2625,7218.75,24000,(not validated),https://arbimon.rfcx.org/legacy-api/project/tricolored-blackbird-breeding-phenology/recordings/download/147404227,0.27728196030674457,48462
594177480,CRam-2023-05-11_20-00.WAV,2023 Creed Rd,2023,5,11,21,0,Agelaius tricolor,Alternative Song,2.896,4.0906666666666665,2625,7218.75,24000,(not validated),https://arbimon.rfcx.org/legacy-api/project/tricolored-blackbird-breeding-phenology/recordings/download/147404270,0.22364930350684856,48462
594177481,CRam-2023-05-10_05-40.WAV,2023 Creed Rd,2023,5,10,6,40,Agelaius tricolor,Alternative Song,17.850666666666665,19.045333333333332,2625,7218.75,24000,(not validated),https://arbimon.rfcx.org/legacy-api/project/tricolored-blackbird-breeding-phenology/recordings/download/147404405,0.27059260538153707,48462
594177514,CRam-2023-07-07_21-40.WAV,2023 Creed Rd,2023,7,7,22,40,Agelaius tricolor,Alternative Song,46.48,47.67466666666667,2625,7218.75,24000,(not validated),https://arbimon.rfcx.org/legacy-api/project/tricolored-blackbird-breeding-phenology/recordings/download/147394271,0.201701899860872,48462
594177515,CRam-2023-07-07_20-20.WAV,2023 Creed Rd,2023,7,7,21,20,Agelaius tricolor,Alternative Song,40.13333333333333,41.328,2625,7218.75,24000,(not validated),https://arbimon.rfcx.org/legacy-api/project/tricolored-blackbird-breeding-phenology/recordings/download/147394280,0.20369252940653929,48462
594177516,CRam-2023-07-07_11-20.WAV,2023 Creed Rd,2023,7,7,12,20,Agelaius tricolor,Alternative Song,14.325333333333333,15.52,2625,7218.75,24000,(not validated),https://arbimon.rfcx.org/legacy-api/project/tricolored-blackbird-breeding-phenology/recordings/download/147394333,0.2254417066493402,48462
594177517,CRam-2023-07-07_00-20.WAV,2023 Creed Rd,2023,7,7,1,20,Agelaius tricolor,Alternative Song,36.522666666666666,37.717333333333336,2625,7218.75,24000,(not validated),https://arbimon.rfcx.org/legacy-api/project/tricolored-blackbird-breeding-phenology/recordings/download/147394343,0.20059775348939982,48462
594177518,CRam-2023-07-07_07-20.WAV,2023 Creed Rd,2023,7,7,8,20,Agelaius tricolor,Alternative Song,46.245333333333335,47.44,2625,7218.75,24000,(not validated),https://arbimon.rfcx.org/legacy-api/project/tricolored-blackbird-breeding-phenology/recordings/download/147394364,0.20750204523266513,48462
594177519,CRam-2023-07-07_20-40.WAV,2023 Creed Rd,2023,7,7,21,40,Agelaius tricolor,Alternative Song,11.989333333333333,13.184,2625,7218.75,24000,(not validated),https://arbimon.rfcx.org/legacy-api/project/tricolored-blackbird-breeding-phenology/recordings/download/147394394,0.20151229161458514,48462
594177520,CRam-2023-07-06_20-20.WAV,2023 Creed Rd,2023,7,6,21,20,Agelaius tricolor,Alternative Song,36.976,38.17066666666667,2625,7218.75,24000,(not validated),https://arbimon.rfcx.org/legacy-api/project/tricolored-blackbird-breeding-phenology/recordings/download/147394395,0.20322096309329366,48462
594177521,CRam-2023-07-06_15-40.WAV,2023 Creed Rd,2023,7,6,16,40,Agelaius tricolor,Alternative Song,38.165333333333336,39.36,2625,7218.75,24000,(not validated),https://arbimon.rfcx.org/legacy-api/project/tricolored-blackbird-breeding-phenology/recordings/download/147394407,0.2366945684282208,48462
594177522,CRam-2023-07-06_10-20.WAV,2023 Creed Rd,2023,7,6,11,20,Agelaius tricolor,Alternative Song,11.44,12.634666666666666,2625,7218.75,24000,(not validated),https://arbimon.rfcx.org/legacy-api/project/tricolored-blackbird-breeding-phenology/recordings/download/147394427,0.22201140996831062,48462
594177523,CRam-2023-07-06_08-00.WAV,2023 Creed Rd,2023,7,6,9,0,Agelaius tricolor,Alternative Song,33.57333333333333,34.768,2625,7218.75,24000,(not validated),https://arbimon.rfcx.org/legacy-api/project/tricolored-blackbird-breeding-phenology/recordings/download/147394476,0.26952686148642957,48462
594177524,CRam-2023-07-05_19-20.WAV,2023 Creed Rd,2023,7,5,20,20,Agelaius tricolor,Alternative Song,55.92,57.114666666666665,2625,7218.75,24000,(not validated),https://arbimon.rfcx.org/legacy-api/project/tricolored-blackbird-breeding-phenology/recordings/download/147394488,0.20111188260377652,48462
594177525,CRam-2023-07-05_22-40.WAV,2023 Creed Rd,2023,7,5,23,40,Agelaius tricolor,Alternative Song,22.106666666666666,23.301333333333332,2625,7218.75,24000,(not validated),https://arbimon.rfcx.org/legacy-api/project/tricolored-blackbird-breeding-phenology/recordings/download/147394489,0.2285473540043412,48462
594177526,CRam-2023-07-06_06-20.WAV,2023 Creed Rd,2023,7,6,7,20,Agelaius tricolor,Alternative Song,30.522666666666666,31.717333333333332,2625,7218.75,24000,(not validated),https://arbimon.rfcx.org/legacy-api/project/tricolored-blackbird-breeding-phenology/recordings/download/147394499,0.21149696179848457,48462
594177527,CRam-2023-07-06_21-20.WAV,2023 Creed Rd,2023,7,6,22,20,Agelaius tricolor,Alternative Song,20.602666666666668,21.797333333333334,2625,7218.75,24000,(not validated),https://arbimon.rfcx.org/legacy-api/project/tricolored-blackbird-breeding-phenology/recordings/download/147394500,0.20083975149167005,48462
594177528,CRam-2023-07-05_17-00.WAV,2023 Creed Rd,2023,7,5,18,0,Agelaius tricolor,Alternative Song,38.944,40.138666666666666,2625,7218.75,24000,(not validated),https://arbimon.rfcx.org/legacy-api/project/tricolored-blackbird-breeding-phenology/recordings/download/147394568,0.20530993159401062,48462
594177529,CRam-2023-07-06_15-00.WAV,2023 Creed Rd,2023,7,6,16,0,Agelaius tricolor,Alternative Song,52.565333333333335,53.76,2625,7218.75,24000,(not validated),https://arbimon.rfcx.org/legacy-api/project/tricolored-blackbird-breeding-phenology/recordings/download/147394570,0.2033327841945501,48462
594177530,CRam-2023-07-06_15-20.WAV,2023 Creed Rd,2023,7,6,16,20,Agelaius tricolor,Alternative Song,7.253333333333333,8.448,2625,7218.75,24000,(not validated),https://arbimon.rfcx.org/legacy-api/project/tricolored-blackbird-breeding-phenology/recordings/download/147394572,0.2312733757462055,48462
594177531,CRam-2023-07-06_12-40.WAV,2023 Creed Rd,2023,7,6,13,40,Agelaius tricolor,Alternative Song,50.202666666666666,51.397333333333336,2625,7218.75,24000,(not validated),https://arbimon.rfcx.org/legacy-api/project/tricolored-blackbird-breeding-phenology/recordings/download/147394576,0.21194903859329534,48462
594177532,CRam-2023-07-06_23-00.WAV,2023 Creed Rd,2023,7,7,0,0,Agelaius tricolor,Alternative Song,57.16266666666667,58.35733333333334,2625,7218.75,24000,(not validated),https://arbimon.rfcx.org/legacy-api/project/tricolored-blackbird-breeding-phenology/recordings/download/147394578,0.21923551374071318,48462
594177533,CRam-2023-07-06_10-00.WAV,2023 Creed Rd,2023,7,6,11,0,Agelaius tricolor,Alternative Song,40.965333333333334,42.16,2625,7218.75,24000,(not validated),https://arbimon.rfcx.org/legacy-api/project/tricolored-blackbird-breeding-phenology/recordings/download/147394580,0.21591950639102855,48462
594177534,CRam-2023-07-06_05-00.WAV,2023 Creed Rd,2023,7,6,6,0,Agelaius tricolor,Alternative Song,22.16,23.354666666666667,2625,7218.75,24000,(not validated),https://arbimon.rfcx.org/legacy-api/project/tricolored-blackbird-breeding-phenology/recordings/download/147394589,0.20634155502400348,48462
594177535,CRam-2023-07-05_09-20.WAV,2023 Creed Rd,2023,7,5,10,20,Agelaius tricolor,Alternative Song,13.306666666666667,14.501333333333333,2625,7218.75,24000,(not validated),https://arbimon.rfcx.org/legacy-api/project/tricolored-blackbird-breeding-phenology/recordings/download/147394601,0.21366263896159035,48462
594177536,CRam-2023-07-04_22-00.WAV,2023 Creed Rd,2023,7,4,23,0,Agelaius tricolor,Alternative Song,44.688,45.882666666666665,2625,7218.75,24000,(not validated),https://arbimon.rfcx.org/legacy-api/project/tricolored-blackbird-breeding-phenology/recordings/download/147394606,0.21354598499909697,48462
594177537,CRam-2023-07-04_21-20.WAV,2023 Creed Rd,2023,7,4,22,20,Agelaius tricolor,Alternative Song,11.632,12.826666666666666,2625,7218.75,24000,(not validated),https://arbimon.rfcx.org/legacy-api/project/tricolored-blackbird-breeding-phenology/recordings/download/147394614,0.2028940912747746,48462
594177538,CRam-2023-07-05_08-00.WAV,2023 Creed Rd,2023,7,5,9,0,Agelaius tricolor,Alternative Song,20.421333333333333,21.616,2625,7218.75,24000,(not validated),https://arbimon.rfcx.org/legacy-api/project/tricolored-blackbird-breeding-phenology/recordings/download/147394631,0.21875068211649418,48462
594177539,CRam-2023-07-04_21-00.WAV,2023 Creed Rd,2023,7,4,22,0,Agelaius tricolor,Alternative Song,58.02133333333333,59.216,2625,7218.75,24000,(not validated),https://arbimon.rfcx.org/legacy-api/project/tricolored-blackbird-breeding-phenology/recordings/download/147394709,0.2235628850682206,48462
594177540,CRam-2023-07-05_06-20.WAV,2023 Creed Rd,2023,7,5,7,20,Agelaius tricolor,Alternative Song,9.168,10.362666666666666,2625,7218.75,24000,(not validated),https://arbimon.rfcx.org/legacy-api/project/tricolored-blackbird-breeding-phenology/recordings/download/147394724,0.20308731165507352,48462
594177541,CRam-2023-07-05_06-00.WAV,2023 Creed Rd,2023,7,5,7,0,Agelaius tricolor,Alternative Song,12.026666666666667,13.221333333333334,2625,7218.75,24000,(not validated),https://arbimon.rfcx.org/legacy-api/project/tricolored-blackbird-breeding-phenology/recordings/download/147394726,0.21103201917580314,48462
594177542,CRam-2023-07-04_06-40.WAV,2023 Creed Rd,2023,7,4,7,40,Agelaius tricolor,Alternative Song,24.752,25.946666666666665,2625,7218.75,24000,(not validated),https://arbimon.rfcx.org/legacy-api/project/tricolored-blackbird-breeding-phenology/recordings/download/147394752,0.21642309223858947,48462
594177543,CRam-2023-07-04_02-40.WAV,2023 Creed Rd,2023,7,4,3,40,Agelaius tricolor,Alternative Song,58.074666666666666,59.269333333333336,2625,7218.75,24000,(not validated),https://arbimon.rfcx.org/legacy-api/project/tricolored-blackbird-breeding-phenology/recordings/download/147394768,0.2026364327324727,48462
594177544,CRam-2023-07-04_03-40.WAV,2023 Creed Rd,2023,7,4,4,40,Agelaius tricolor,Alternative Song,30.133333333333333,31.328,2625,7218.75,24000,(not validated),https://arbimon.rfcx.org/legacy-api/project/tricolored-blackbird-breeding-phenology/recordings/download/147394794,0.20669190393802345,48462
594177545,CRam-2023-03-15_08-00.WAV,2023 Creed Rd,2023,3,15,9,0,Agelaius tricolor,Alternative Song,52.629333333333335,53.824,2625,7218.75,24000,(not validated),https://arbimon.rfcx.org/legacy-api/project/tricolored-blackbird-breeding-phenology/recordings/download/147414661,0.23841745353185528,48462
594177546,CRam-2023-03-15_07-40.WAV,2023 Creed Rd,2023,3,15,8,40,Agelaius tricolor,Alternative Song,30.88533333333333,32.08,2625,7218.75,24000,(not validated),https://arbimon.rfcx.org/legacy-api/project/tricolored-blackbird-breeding-phenology/recordings/download/147414663,0.21328571766147433,48462
594177547,CRam-2023-03-14_19-20.WAV,2023 Creed Rd,2023,3,14,20,20,Agelaius tricolor,Alternative Song,17.621333333333332,18.816,2625,7218.75,24000,(not validated),https://arbimon.rfcx.org/legacy-api/project/tricolored-blackbird-breeding-phenology/recordings/download/147414724,0.2393079256108406,48462
594177548,CRam-2023-03-13_10-20.WAV,2023 Creed Rd,2023,3,13,11,20,Agelaius tricolor,Alternative Song,5.509333333333333,6.704,2625,7218.75,24000,(not validated),https://arbimon.rfcx.org/legacy-api/project/tricolored-blackbird-breeding-phenology/recordings/download/147414816,0.24030252472615596,48462
594177549,CRam-2023-03-13_09-00.WAV,2023 Creed Rd,2023,3,13,10,0,Agelaius tricolor,Alternative Song,10.656,11.850666666666667,2625,7218.75,24000,(not validated),https://arbimon.rfcx.org/legacy-api/project/tricolored-blackbird-breeding-phenology/recordings/download/147414915,0.20506942508934511,48462
594177550,CRam-2023-03-12_19-20.WAV,2023 Creed Rd,2023,3,12,20,20,Agelaius tricolor,Alternative Song,8.192,9.386666666666667,2625,7218.75,24000,(not validated),https://arbimon.rfcx.org/legacy-api/project/tricolored-blackbird-breeding-phenology/recordings/download/147414924,0.20691011003842275,48462
594177551,CRam-2023-03-09_13-00.WAV,2023 Creed Rd,2023,3,9,13,0,Agelaius tricolor,Alternative Song,33.029333333333334,34.224,2625,7218.75,24000,(not validated),https://arbimon.rfcx.org/legacy-api/project/tricolored-blackbird-breeding-phenology/recordings/download/147414949,0.2505232569953694,48462
594177552,CRam-2023-03-12_16-40.WAV,2023 Creed Rd,2023,3,12,17,40,Agelaius tricolor,Alternative Song,4.112,5.306666666666667,2625,7218.75,24000,(not validated),https://arbimon.rfcx.org/legacy-api/project/tricolored-blackbird-breeding-phenology/recordings/download/147415010,0.25159085608525533,48462
594177553,CRam-2023-04-03_06-20.WAV,2023 Creed Rd,2023,4,3,7,20,Agelaius tricolor,Alternative Song,38.288,39.48266666666667,2625,7218.75,24000,(not validated),https://arbimon.rfcx.org/legacy-api/project/tricolored-blackbird-breeding-phenology/recordings/download/147417753,0.22680224550478437,48462
594177586,CRam-2023-06-06_06-00.WAV,2023 Creed Rd,2023,6,6,7,0,Agelaius tricolor,Alternative Song,43.712,44.906666666666666,2625,7218.75,24000,(not validated),https://arbimon.rfcx.org/legacy-api/project/tricolored-blackbird-breeding-phenology/recordings/download/147400704,0.20045278944975248,48462
594177587,CRam-2023-06-05_23-40.WAV,2023 Creed Rd,2023,6,6,0,40,Agelaius tricolor,Alternative Song,3.1466666666666665,4.341333333333333,2625,7218.75,24000,(not validated),https://arbimon.rfcx.org/legacy-api/project/tricolored-blackbird-breeding-phenology/recordings/download/147400735,0.21667486172839753,48462
594177588,CRam-2023-06-07_00-20.WAV,2023 Creed Rd,2023,6,7,1,20,Agelaius tricolor,Alternative Song,17.808,19.002666666666666,2625,7218.75,24000,(not validated),https://arbimon.rfcx.org/legacy-api/project/tricolored-blackbird-breeding-phenology/recordings/download/147400738,0.20219151197630497,48462
594177589,CRam-2023-06-06_14-20.WAV,2023 Creed Rd,2023,6,6,15,20,Agelaius tricolor,Alternative Song,20.736,21.930666666666667,2625,7218.75,24000,(not validated),https://arbimon.rfcx.org/legacy-api/project/tricolored-blackbird-breeding-phenology/recordings/download/147400742,0.20117486029826537,48462
594177590,CRam-2023-06-06_01-00.WAV,2023 Creed Rd,2023,6,6,2,0,Agelaius tricolor,Alternative Song,13.632,14.826666666666666,2625,7218.75,24000,(not validated),https://arbimon.rfcx.org/legacy-api/project/tricolored-blackbird-breeding-phenology/recordings/download/147400779,0.2191150619462954,48462
594177591,CRam-2023-06-05_14-00.WAV,2023 Creed Rd,2023,6,5,15,0,Agelaius tricolor,Alternative Song,29.6,30.794666666666668,2625,7218.75,24000,(not validated),https://arbimon.rfcx.org/legacy-api/project/tricolored-blackbird-breeding-phenology/recordings/download/147400794,0.2316687678552644,48462
594177592,CRam-2023-06-06_04-00.WAV,2023 Creed Rd,2023,6,6,5,0,Agelaius tricolor,Alternative Song,51.114666666666665,52.309333333333335,2625,7218.75,24000,(not validated),https://arbimon.rfcx.org/legacy-api/project/tricolored-blackbird-breeding-phenology/recordings/download/147400824,0.21649399778012055,48462
594177593,CRam-2023-06-06_06-40.WAV,2023 Creed Rd,2023,6,6,7,40,Agelaius tricolor,Alternative Song,43.818666666666665,45.013333333333335,2625,7218.75,24000,(not validated),https://arbimon.rfcx.org/legacy-api/project/tricolored-blackbird-breeding-phenology/recordings/download/147400833,0.2431006804949507,48462
594177594,CRam-2023-06-05_20-00.WAV,2023 Creed Rd,2023,6,5,21,0,Agelaius tricolor,Alternative Song,13.392,14.586666666666666,2625,7218.75,24000,(not validated),https://arbimon.rfcx.org/legacy-api/project/tricolored-blackbird-breeding-phenology/recordings/download/147400842,0.20466700636115615,48462
594177595,CRam-2023-06-05_22-40.WAV,2023 Creed Rd,2023,6,5,23,40,Agelaius tricolor,Alternative Song,57.797333333333334,58.992,2625,7218.75,24000,(not validated),https://arbimon.rfcx.org/legacy-api/project/tricolored-blackbird-breeding-phenology/recordings/download/147400872,0.20347741240527978,48462
594177596,CRam-2023-06-05_19-40.WAV,2023 Creed Rd,2023,6,5,20,40,Agelaius tricolor,Alternative Song,47.38133333333333,48.576,2625,7218.75,24000,(not validated),https://arbimon.rfcx.org/legacy-api/project/tricolored-blackbird-breeding-phenology/recordings/download/147400894,0.20023747214921392,48462
594177597,CRam-2023-06-05_18-20.WAV,2023 Creed Rd,2023,6,5,19,20,Agelaius tricolor,Alternative Song,3.9306666666666668,5.125333333333334,2625,7218.75,24000,(not validated),https://arbimon.rfcx.org/legacy-api/project/tricolored-blackbird-breeding-phenology/recordings/download/147400905,0.2125252359921506,48462
594177598,CRam-2023-06-05_01-40.WAV,2023 Creed Rd,2023,6,5,2,40,Agelaius tricolor,Alternative Song,0.9866666666666667,2.1813333333333333,2625,7218.75,24000,(not validated),https://arbimon.rfcx.org/legacy-api/project/tricolored-blackbird-breeding-phenology/recordings/download/147400914,0.22098553638384444,48462
594177599,CRam-2023-06-05_01-20.WAV,2023 Creed Rd,2023,6,5,2,20,Agelaius tricolor,Alternative Song,38.218666666666664,39.413333333333334,2625,7218.75,24000,(not validated),https://arbimon.rfcx.org/legacy-api/project/tricolored-blackbird-breeding-phenology/recordings/download/147400915,0.22086853485054614,48462
594177600,CRam-2023-06-05_08-20.WAV,2023 Creed Rd,2023,6,5,9,20,Agelaius tricolor,Alternative Song,2.6346666666666665,3.8293333333333335,2625,7218.75,24000,(not validated),https://arbimon.rfcx.org/legacy-api/project/tricolored-blackbird-breeding-phenology/recordings/download/147400925,0.21174423897749295,48462
594177601,CRam-2023-06-05_01-00.WAV,2023 Creed Rd,2023,6,5,2,0,Agelaius tricolor,Alternative Song,56.42666666666667,57.62133333333333,2625,7218.75,24000,(not validated),https://arbimon.rfcx.org/legacy-api/project/tricolored-blackbird-breeding-phenology/recordings/download/147400951,0.201226261689455,48462
594177602,CRam-2023-06-05_12-40.WAV,2023 Creed Rd,2023,6,5,13,40,Agelaius tricolor,Alternative Song,30.181333333333335,31.376,2625,7218.75,24000,(not validated),https://arbimon.rfcx.org/legacy-api/project/tricolored-blackbird-breeding-phenology/recordings/download/147400954,0.21467034785238368,48462
594177603,CRam-2023-06-04_21-40.WAV,2023 Creed Rd,2023,6,4,22,40,Agelaius tricolor,Alternative Song,30.624,31.818666666666665,2625,7218.75,24000,(not validated),https://arbimon.rfcx.org/legacy-api/project/tricolored-blackbird-breeding-phenology/recordings/download/147400978,0.20746893269488048,48462
594177604,CRam-2023-06-05_07-40.WAV,2023 Creed Rd,2023,6,5,8,40,Agelaius tricolor,Alternative Song,7.024,8.218666666666667,2625,7218.75,24000,(not validated),https://arbimon.rfcx.org/legacy-api/project/tricolored-blackbird-breeding-phenology/recordings/download/147401001,0.22643081909642016,48462
594177605,CRam-2023-06-04_23-40.WAV,2023 Creed Rd,2023,6,5,0,40,Agelaius tricolor,Alternative Song,13.024,14.218666666666667,2625,7218.75,24000,(not validated),https://arbimon.rfcx.org/legacy-api/project/tricolored-blackbird-breeding-phenology/recordings/download/147401026,0.20418089841055906,48462
594177623,CRam-2023-06-10_01-20.WAV,2023 Creed Rd,2023,6,10,2,20,Agelaius tricolor,Alternative Song,18.784,19.978666666666665,2625,7218.75,24000,(not validated),https://arbimon.rfcx.org/legacy-api/project/tricolored-blackbird-breeding-phenology/recordings/download/147398868,0.21768585036192706,48462
594177624,CRam-2023-06-10_00-00.WAV,2023 Creed Rd,2023,6,10,1,0,Agelaius tricolor,Alternative Song,38.72,39.91466666666667,2625,7218.75,24000,(not validated),https://arbimon.rfcx.org/legacy-api/project/tricolored-blackbird-breeding-phenology/recordings/download/147398876,0.20601190133525454,48462
594177625,CRam-2023-06-10_03-00.WAV,2023 Creed Rd,2023,6,10,4,0,Agelaius tricolor,Alternative Song,49.333333333333336,50.528,2625,7218.75,24000,(not validated),https://arbimon.rfcx.org/legacy-api/project/tricolored-blackbird-breeding-phenology/recordings/download/147398878,0.22625330073338748,48462
594177626,CRam-2023-06-09_22-20.WAV,2023 Creed Rd,2023,6,9,23,20,Agelaius tricolor,Alternative Song,10.213333333333333,11.408,2625,7218.75,24000,(not validated),https://arbimon.rfcx.org/legacy-api/project/tricolored-blackbird-breeding-phenology/recordings/download/147398883,0.22307457254769678,48462
594177627,CRam-2023-06-10_06-00.WAV,2023 Creed Rd,2023,6,10,7,0,Agelaius tricolor,Alternative Song,47.925333333333334,49.12,2625,7218.75,24000,(not validated),https://arbimon.rfcx.org/legacy-api/project/tricolored-blackbird-breeding-phenology/recordings/download/147398887,0.22752656143668257,48462
594177628,CRam-2023-06-10_05-20.WAV,2023 Creed Rd,2023,6,10,6,20,Agelaius tricolor,Alternative Song,48.912,50.10666666666667,2625,7218.75,24000,(not validated),https://arbimon.rfcx.org/legacy-api/project/tricolored-blackbird-breeding-phenology/recordings/download/147398891,0.23592823159410609,48462
594177629,CRam-2023-06-10_05-00.WAV,2023 Creed Rd,2023,6,10,6,0,Agelaius tricolor,Alternative Song,7.882666666666666,9.077333333333334,2625,7218.75,24000,(not validated),https://arbimon.rfcx.org/legacy-api/project/tricolored-blackbird-breeding-phenology/recordings/download/147398894,0.2055947922733525,48462
594177630,CRam-2023-06-09_23-20.WAV,2023 Creed Rd,2023,6,10,0,20,Agelaius tricolor,Alternative Song,45.89333333333333,47.088,2625,7218.75,24000,(not validated),https://arbimon.rfcx.org/legacy-api/project/tricolored-blackbird-breeding-phenology/recordings/download/147398896,0.2140557327566577,48462
594177631,CRam-2023-06-09_16-40.WAV,2023 Creed Rd,2023,6,9,17,40,Agelaius tricolor,Alternative Song,26.709333333333333,27.904,2625,7218.75,24000,(not validated),https://arbimon.rfcx.org/legacy-api/project/tricolored-blackbird-breeding-phenology/recordings/download/147398925,0.20546815090626963,48462
594177632,CRam-2023-06-09_21-00.WAV,2023 Creed Rd,2023,6,9,22,0,Agelaius tricolor,Alternative Song,1.0986666666666667,2.2933333333333334,2625,7218.75,24000,(not validated),https://arbimon.rfcx.org/legacy-api/project/tricolored-blackbird-breeding-phenology/recordings/download/147398928,0.20928049963669607,48462
594177633,CRam-2023-06-09_23-40.WAV,2023 Creed Rd,2023,6,10,0,40,Agelaius tricolor,Alternative Song,13.589333333333334,14.784,2625,7218.75,24000,(not validated),https://arbimon.rfcx.org/legacy-api/project/tricolored-blackbird-breeding-phenology/recordings/download/147398940,0.20147713149042784,48462
594177634,CRam-2023-06-10_02-00.WAV,2023 Creed Rd,2023,6,10,3,0,Agelaius tricolor,Alternative Song,20.592,21.786666666666665,2625,7218.75,24000,(not validated),https://arbimon.rfcx.org/legacy-api/project/tricolored-blackbird-breeding-phenology/recordings/download/147398948,0.24285888249249798,48462
594177635,CRam-2023-06-09_22-40.WAV,2023 Creed Rd,2023,6,9,23,40,Agelaius tricolor,Alternative Song,14.24,15.434666666666667,2625,7218.75,24000,(not validated),https://arbimon.rfcx.org/legacy-api/project/tricolored-blackbird-breeding-phenology/recordings/download/147398985,0.20448998641841523,48462
594177636,CRam-2023-06-09_19-20.WAV,2023 Creed Rd,2023,6,9,20,20,Agelaius tricolor,Alternative Song,55.23733333333333,56.432,2625,7218.75,24000,(not validated),https://arbimon.rfcx.org/legacy-api/project/tricolored-blackbird-breeding-phenology/recordings/download/147398998,0.20196711599907177,48462
594177637,CRam-2023-06-09_07-40.WAV,2023 Creed Rd,2023,6,9,8,40,Agelaius tricolor,Alternative Song,22.661333333333335,23.856,2625,7218.75,24000,(not validated),https://arbimon.rfcx.org/legacy-api/project/tricolored-blackbird-breeding-phenology/recordings/download/147399027,0.21037800822788405,48462
594177638,CRam-2023-06-09_07-20.WAV,2023 Creed Rd,2023,6,9,8,20,Agelaius tricolor,Alternative Song,51.52,52.714666666666666,2625,7218.75,24000,(not validated),https://arbimon.rfcx.org/legacy-api/project/tricolored-blackbird-breeding-phenology/recordings/download/147399034,0.20732669049354363,48462
594177639,CRam-2023-06-09_08-20.WAV,2023 Creed Rd,2023,6,9,9,20,Agelaius tricolor,Alternative Song,58.026666666666664,59.221333333333334,2625,7218.75,24000,(not validated),https://arbimon.rfcx.org/legacy-api/project/tricolored-blackbird-breeding-phenology/recordings/download/147399039,0.20038731886381048,48462
594177640,CRam-2023-06-09_12-00.WAV,2023 Creed Rd,2023,6,9,13,0,Agelaius tricolor,Alternative Song,19.557333333333332,20.752,2625,7218.75,24000,(not validated),https://arbimon.rfcx.org/legacy-api/project/tricolored-blackbird-breeding-phenology/recordings/download/147399041,0.20189129109980555,48462
594177641,CRam-2023-06-09_02-00.WAV,2023 Creed Rd,2023,6,9,3,0,Agelaius tricolor,Alternative Song,9.525333333333334,10.72,2625,7218.75,24000,(not validated),https://arbimon.rfcx.org/legacy-api/project/tricolored-blackbird-breeding-phenology/recordings/download/147399074,0.2135008397690034,48462
594177642,CRam-2023-06-09_03-20.WAV,2023 Creed Rd,2023,6,9,4,20,Agelaius tricolor,Alternative Song,0.22933333333333333,1.424,2625,7218.75,24000,(not validated),https://arbimon.rfcx.org/legacy-api/project/tricolored-blackbird-breeding-phenology/recordings/download/147399077,0.20251246639691242,48462
594177643,CRam-2023-06-09_01-00.WAV,2023 Creed Rd,2023,6,9,2,0,Agelaius tricolor,Alternative Song,51.717333333333336,52.912,2625,7218.75,24000,(not validated),https://arbimon.rfcx.org/legacy-api/project/tricolored-blackbird-breeding-phenology/recordings/download/147399081,0.20319332074060778,48462
594177644,CRam-2023-06-09_00-00.WAV,2023 Creed Rd,2023,6,9,1,0,Agelaius tricolor,Alternative Song,42.010666666666665,43.205333333333336,2625,7218.75,24000,(not validated),https://arbimon.rfcx.org/legacy-api/project/tricolored-blackbird-breeding-phenology/recordings/download/147399086,0.22698754756090275,48462
594177645,CRam-2023-06-09_05-40.WAV,2023 Creed Rd,2023,6,9,6,40,Agelaius tricolor,Alternative Song,34.08533333333333,35.28,2625,7218.75,24000,(not validated),https://arbimon.rfcx.org/legacy-api/project/tricolored-blackbird-breeding-phenology/recordings/download/147399087,0.20176987795091866,48462
594177646,CRam-2023-06-09_06-00.WAV,2023 Creed Rd,2023,6,9,7,0,Agelaius tricolor,Alternative Song,53.216,54.410666666666664,2625,7218.75,24000,(not validated),https://arbimon.rfcx.org/legacy-api/project/tricolored-blackbird-breeding-phenology/recordings/download/147399112,0.21315707369139994,48462
594177647,CRam-2023-06-08_19-20.WAV,2023 Creed Rd,2023,6,8,20,20,Agelaius tricolor,Alternative Song,32.714666666666666,33.909333333333336,2625,7218.75,24000,(not validated),https://arbimon.rfcx.org/legacy-api/project/tricolored-blackbird-breeding-phenology/recordings/download/147399123,0.228077746081799,48462
594177648,CRam-2023-06-08_18-40.WAV,2023 Creed Rd,2023,6,8,19,40,Agelaius tricolor,Alternative Song,15.530666666666667,16.72533333333333,2625,7218.75,24000,(not validated),https://arbimon.rfcx.org/legacy-api/project/tricolored-blackbird-breeding-phenology/recordings/download/147399129,0.26214313180163273,48462
594177649,CRam-2023-06-08_20-00.WAV,2023 Creed Rd,2023,6,8,21,0,Agelaius tricolor,Alternative Song,6.506666666666667,7.701333333333333,2625,7218.75,24000,(not validated),https://arbimon.rfcx.org/legacy-api/project/tricolored-blackbird-breeding-phenology/recordings/download/147399142,0.2234514832312437,48462
594177650,CRam-2023-06-08_21-20.WAV,2023 Creed Rd,2023,6,8,22,20,Agelaius tricolor,Alternative Song,2.2293333333333334,3.424,2625,7218.75,24000,(not validated),https://arbimon.rfcx.org/legacy-api/project/tricolored-blackbird-breeding-phenology/recordings/download/147399171,0.22797601443398502,48462
594177651,CRam-2023-06-08_11-40.WAV,2023 Creed Rd,2023,6,8,12,40,Agelaius tricolor,Alternative Song,3.1733333333333333,4.368,2625,7218.75,24000,(not validated),https://arbimon.rfcx.org/legacy-api/project/tricolored-blackbird-breeding-phenology/recordings/download/147399179,0.26817534689712236,48462
594177652,CRam-2023-06-08_05-40.WAV,2023 Creed Rd,2023,6,8,6,40,Agelaius tricolor,Alternative Song,9.274666666666667,10.469333333333333,2625,7218.75,24000,(not validated),https://arbimon.rfcx.org/legacy-api/project/tricolored-blackbird-breeding-phenology/recordings/download/147399229,0.2190678797230582,48462
594177653,CRam-2023-06-08_05-20.WAV,2023 Creed Rd,2023,6,8,6,20,Agelaius tricolor,Alternative Song,31.269333333333332,32.464,2625,7218.75,24000,(not validated),https://arbimon.rfcx.org/legacy-api/project/tricolored-blackbird-breeding-phenology/recordings/download/147399236,0.2005756853461202,48462
594177654,CRam-2023-06-08_02-40.WAV,2023 Creed Rd,2023,6,8,3,40,Agelaius tricolor,Alternative Song,48.778666666666666,49.973333333333336,2625,7218.75,24000,(not validated),https://arbimon.rfcx.org/legacy-api/project/tricolored-blackbird-breeding-phenology/recordings/download/147399237,0.21033491392266782,48462
594177655,CRam-2023-06-08_02-00.WAV,2023 Creed Rd,2023,6,8,3,0,Agelaius tricolor,Alternative Song,52.608,53.80266666666667,2625,7218.75,24000,(not validated),https://arbimon.rfcx.org/legacy-api/project/tricolored-blackbird-breeding-phenology/recordings/download/147399251,0.20389668093469832,48462
594177656,CRam-2023-06-08_02-20.WAV,2023 Creed Rd,2023,6,8,3,20,Agelaius tricolor,Alternative Song,24.64,25.834666666666667,2625,7218.75,24000,(not validated),https://arbimon.rfcx.org/legacy-api/project/tricolored-blackbird-breeding-phenology/recordings/download/147399267,0.20166105649238394,48462
594177657,CRam-2023-06-07_22-40.WAV,2023 Creed Rd,2023,6,7,23,40,Agelaius tricolor,Alternative Song,54.192,55.38666666666666,2625,7218.75,24000,(not validated),https://arbimon.rfcx.org/legacy-api/project/tricolored-blackbird-breeding-phenology/recordings/download/147399269,0.2132653543688598,48462
594177658,CRam-2023-06-08_01-20.WAV,2023 Creed Rd,2023,6,8,2,20,Agelaius tricolor,Alternative Song,53.17333333333333,54.368,2625,7218.75,24000,(not validated),https://arbimon.rfcx.org/legacy-api/project/tricolored-blackbird-breeding-phenology/recordings/download/147399270,0.22580454912882206,48462
594177659,CRam-2023-06-07_22-20.WAV,2023 Creed Rd,2023,6,7,23,20,Agelaius tricolor,Alternative Song,18.816,20.010666666666665,2625,7218.75,24000,(not validated),https://arbimon.rfcx.org/legacy-api/project/tricolored-blackbird-breeding-phenology/recordings/download/147399271,0.2177560310465299,48462
594177660,CRam-2023-06-07_21-20.WAV,2023 Creed Rd,2023,6,7,22,20,Agelaius tricolor,Alternative Song,49.09866666666667,50.29333333333334,2625,7218.75,24000,(not validated),https://arbimon.rfcx.org/legacy-api/project/tricolored-blackbird-breeding-phenology/recordings/download/147399292,0.21203222771291247,48462
594177661,CRam-2023-06-07_20-00.WAV,2023 Creed Rd,2023,6,7,21,0,Agelaius tricolor,Alternative Song,1.6533333333333333,2.848,2625,7218.75,24000,(not validated),https://arbimon.rfcx.org/legacy-api/project/tricolored-blackbird-breeding-phenology/recordings/download/147399302,0.20347318921130894,48462
594177662,CRam-2023-06-07_18-40.WAV,2023 Creed Rd,2023,6,7,19,40,Agelaius tricolor,Alternative Song,48.565333333333335,49.76,2625,7218.75,24000,(not validated),https://arbimon.rfcx.org/legacy-api/project/tricolored-blackbird-breeding-phenology/recordings/download/147399306,0.23453140311847745,48462
594177663,CRam-2023-06-07_18-20.WAV,2023 Creed Rd,2023,6,7,19,20,Agelaius tricolor,Alternative Song,6.426666666666667,7.621333333333333,2625,7218.75,24000,(not validated),https://arbimon.rfcx.org/legacy-api/project/tricolored-blackbird-breeding-phenology/recordings/download/147399309,0.20167575265381119,48462
594177664,CRam-2023-06-07_23-20.WAV,2023 Creed Rd,2023,6,8,0,20,Agelaius tricolor,Alternative Song,57.552,58.74666666666667,2625,7218.75,24000,(not validated),https://arbimon.rfcx.org/legacy-api/project/tricolored-blackbird-breeding-phenology/recordings/download/147399322,0.219843764524974,48462
594177665,CRam-2023-06-07_23-00.WAV,2023 Creed Rd,2023,6,8,0,0,Agelaius tricolor,Alternative Song,16.112,17.30666666666667,2625,7218.75,24000,(not validated),https://arbimon.rfcx.org/legacy-api/project/tricolored-blackbird-breeding-phenology/recordings/download/147399326,0.22578573253147763,48462
594177666,CRam-2023-06-07_20-20.WAV,2023 Creed Rd,2023,6,7,21,20,Agelaius tricolor,Alternative Song,41.861333333333334,43.056,2625,7218.75,24000,(not validated),https://arbimon.rfcx.org/legacy-api/project/tricolored-blackbird-breeding-phenology/recordings/download/147399360,0.21434428553601623,48462
594177667,CRam-2023-06-07_17-20.WAV,2023 Creed Rd,2023,6,7,18,20,Agelaius tricolor,Alternative Song,34.61333333333334,35.808,2625,7218.75,24000,(not validated),https://arbimon.rfcx.org/legacy-api/project/tricolored-blackbird-breeding-phenology/recordings/download/147400570,0.21320378517662797,48462
594177668,CRam-2023-06-07_10-20.WAV,2023 Creed Rd,2023,6,7,11,20,Agelaius tricolor,Alternative Song,3.973333333333333,5.168,2625,7218.75,24000,(not validated),https://arbimon.rfcx.org/legacy-api/project/tricolored-blackbird-breeding-phenology/recordings/download/147400624,0.20960325239989497,48462
594177669,CRam-2023-06-07_05-20.WAV,2023 Creed Rd,2023,6,7,6,20,Agelaius tricolor,Alternative Song,6.234666666666667,7.429333333333333,2625,7218.75,24000,(not validated),https://arbimon.rfcx.org/legacy-api/project/tricolored-blackbird-breeding-phenology/recordings/download/147400636,0.24502676796496145,48462
594177670,CRam-2023-06-07_02-20.WAV,2023 Creed Rd,2023,6,7,3,20,Agelaius tricolor,Alternative Song,14.826666666666666,16.021333333333335,2625,7218.75,24000,(not validated),https://arbimon.rfcx.org/legacy-api/project/tricolored-blackbird-breeding-phenology/recordings/download/147400638,0.20345339421395317,48462
594177671,CRam-2023-06-07_07-00.WAV,2023 Creed Rd,2023,6,7,8,0,Agelaius tricolor,Alternative Song,55.57866666666666,56.77333333333333,2625,7218.75,24000,(not validated),https://arbimon.rfcx.org/legacy-api/project/tricolored-blackbird-breeding-phenology/recordings/download/147400665,0.22559807647599694,48462
594177672,CRam-2023-06-07_06-20.WAV,2023 Creed Rd,2023,6,7,7,20,Agelaius tricolor,Alternative Song,9.253333333333334,10.448,2625,7218.75,24000,(not validated),https://arbimon.rfcx.org/legacy-api/project/tricolored-blackbird-breeding-phenology/recordings/download/147400671,0.22994665822817395,48462
594177703,CRam-2023-04-11_09-40.WAV,2023 Creed Rd,2023,4,11,10,40,Agelaius tricolor,Alternative Song,56.38933333333333,57.584,2625,7218.75,24000,(not validated),https://arbimon.rfcx.org/legacy-api/project/tricolored-blackbird-breeding-phenology/recordings/download/147410521,0.20583314562819094,48462
594177704,CRam-2023-04-10_11-20.WAV,2023 Creed Rd,2023,4,10,12,20,Agelaius tricolor,Alternative Song,37.856,39.050666666666665,2625,7218.75,24000,(not validated),https://arbimon.rfcx.org/legacy-api/project/tricolored-blackbird-breeding-phenology/recordings/download/147410997,0.20410539621828913,48462
594177705,CRam-2023-04-10_04-20.WAV,2023 Creed Rd,2023,4,10,5,20,Agelaius tricolor,Alternative Song,12.608,13.802666666666667,2625,7218.75,24000,(not validated),https://arbimon.rfcx.org/legacy-api/project/tricolored-blackbird-breeding-phenology/recordings/download/147411052,0.2012015404642595,48462
594177706,CRam-2023-04-10_11-40.WAV,2023 Creed Rd,2023,4,10,12,40,Agelaius tricolor,Alternative Song,53.690666666666665,54.885333333333335,2625,7218.75,24000,(not validated),https://arbimon.rfcx.org/legacy-api/project/tricolored-blackbird-breeding-phenology/recordings/download/147411078,0.22730702835510122,48462
594177707,CRam-2023-04-09_12-00.WAV,2023 Creed Rd,2023,4,9,13,0,Agelaius tricolor,Alternative Song,34.538666666666664,35.733333333333334,2625,7218.75,24000,(not validated),https://arbimon.rfcx.org/legacy-api/project/tricolored-blackbird-breeding-phenology/recordings/download/147411201,0.20175816143099745,48462
594177708,CRam-2023-04-09_10-40.WAV,2023 Creed Rd,2023,4,9,11,40,Agelaius tricolor,Alternative Song,47.67466666666667,48.86933333333333,2625,7218.75,24000,(not validated),https://arbimon.rfcx.org/legacy-api/project/tricolored-blackbird-breeding-phenology/recordings/download/147411436,0.21933512922467135,48462
594177709,CRam-2023-04-08_07-40.WAV,2023 Creed Rd,2023,4,8,8,40,Agelaius tricolor,Alternative Song,12.053333333333333,13.248,2625,7218.75,24000,(not validated),https://arbimon.rfcx.org/legacy-api/project/tricolored-blackbird-breeding-phenology/recordings/download/147411541,0.20414662957192856,48462
594177710,CRam-2023-05-24_19-20.WAV,2023 Creed Rd,2023,5,24,20,20,Agelaius tricolor,Alternative Song,16.101333333333333,17.296,2625,7218.75,24000,(not validated),https://arbimon.rfcx.org/legacy-api/project/tricolored-blackbird-breeding-phenology/recordings/download/147411615,0.2180817202402151,48462
594177746,CRam-2023-04-02_06-20.WAV,2023 Creed Rd,2023,4,2,7,20,Agelaius tricolor,Alternative Song,42.56,43.754666666666665,2625,7218.75,24000,(not validated),https://arbimon.rfcx.org/legacy-api/project/tricolored-blackbird-breeding-phenology/recordings/download/147412501,0.240028295790339,48462
594177747,CRam-2023-03-31_10-20.WAV,2023 Creed Rd,2023,3,31,11,20,Agelaius tricolor,Alternative Song,46.85333333333333,48.048,2625,7218.75,24000,(not validated),https://arbimon.rfcx.org/legacy-api/project/tricolored-blackbird-breeding-phenology/recordings/download/147412528,0.20074660642165437,48462
594177748,CRam-2023-03-30_14-20.WAV,2023 Creed Rd,2023,3,30,15,20,Agelaius tricolor,Alternative Song,32.757333333333335,33.952,2625,7218.75,24000,(not validated),https://arbimon.rfcx.org/legacy-api/project/tricolored-blackbird-breeding-phenology/recordings/download/147412701,0.23305484635655216,48462
594177749,CRam-2023-03-30_08-20.WAV,2023 Creed Rd,2023,3,30,9,20,Agelaius tricolor,Alternative Song,7.466666666666667,8.661333333333333,2625,7218.75,24000,(not validated),https://arbimon.rfcx.org/legacy-api/project/tricolored-blackbird-breeding-phenology/recordings/download/147412764,0.25148833464106185,48462
594177750,CRam-2023-03-29_19-20.WAV,2023 Creed Rd,2023,3,29,20,20,Agelaius tricolor,Alternative Song,23.237333333333332,24.432,2625,7218.75,24000,(not validated),https://arbimon.rfcx.org/legacy-api/project/tricolored-blackbird-breeding-phenology/recordings/download/147412793,0.2378784693550537,48462
594177751,CRam-2023-03-30_12-00.WAV,2023 Creed Rd,2023,3,30,13,0,Agelaius tricolor,Alternative Song,22.453333333333333,23.648,2625,7218.75,24000,(not validated),https://arbimon.rfcx.org/legacy-api/project/tricolored-blackbird-breeding-phenology/recordings/download/147412798,0.25037039740768247,48462
594177752,CRam-2023-03-29_13-00.WAV,2023 Creed Rd,2023,3,29,14,0,Agelaius tricolor,Alternative Song,34.512,35.70666666666666,2625,7218.75,24000,(not validated),https://arbimon.rfcx.org/legacy-api/project/tricolored-blackbird-breeding-phenology/recordings/download/147412814,0.2076428337870124,48462
594177753,CRam-2023-03-29_18-00.WAV,2023 Creed Rd,2023,3,29,19,0,Agelaius tricolor,Alternative Song,29.130666666666666,30.325333333333333,2625,7218.75,24000,(not validated),https://arbimon.rfcx.org/legacy-api/project/tricolored-blackbird-breeding-phenology/recordings/download/147412831,0.21307079113092056,48462
594177754,CRam-2023-03-30_07-40.WAV,2023 Creed Rd,2023,3,30,8,40,Agelaius tricolor,Alternative Song,53.152,54.346666666666664,2625,7218.75,24000,(not validated),https://arbimon.rfcx.org/legacy-api/project/tricolored-blackbird-breeding-phenology/recordings/download/147412876,0.21907293454983248,48462
594177755,CRam-2023-04-21_20-00.WAV,2023 Creed Rd,2023,4,21,21,0,Agelaius tricolor,Alternative Song,13.258666666666667,14.453333333333333,2625,7218.75,24000,(not validated),https://arbimon.rfcx.org/legacy-api/project/tricolored-blackbird-breeding-phenology/recordings/download/147407184,0.22426397289503364,48462
594177756,CRam-2023-04-22_20-00.WAV,2023 Creed Rd,2023,4,22,21,0,Agelaius tricolor,Alternative Song,35.376,36.57066666666667,2625,7218.75,24000,(not validated),https://arbimon.rfcx.org/legacy-api/project/tricolored-blackbird-breeding-phenology/recordings/download/147407188,0.20648757275210444,48462
594177757,CRam-2023-04-22_14-00.WAV,2023 Creed Rd,2023,4,22,15,0,Agelaius tricolor,Alternative Song,10.181333333333333,11.376,2625,7218.75,24000,(not validated),https://arbimon.rfcx.org/legacy-api/project/tricolored-blackbird-breeding-phenology/recordings/download/147407238,0.23579030146457997,48462
594177758,CRam-2023-04-22_08-00.WAV,2023 Creed Rd,2023,4,22,9,0,Agelaius tricolor,Alternative Song,33.392,34.586666666666666,2625,7218.75,24000,(not validated),https://arbimon.rfcx.org/legacy-api/project/tricolored-blackbird-breeding-phenology/recordings/download/147407241,0.21469635012393556,48462
594177759,CRam-2023-04-23_07-00.WAV,2023 Creed Rd,2023,4,23,8,0,Agelaius tricolor,Alternative Song,47.653333333333336,48.848,2625,7218.75,24000,(not validated),https://arbimon.rfcx.org/legacy-api/project/tricolored-blackbird-breeding-phenology/recordings/download/147407320,0.2163029011774487,48462
594177760,CRam-2023-04-21_07-00.WAV,2023 Creed Rd,2023,4,21,8,0,Agelaius tricolor,Alternative Song,2.0906666666666665,3.2853333333333334,2625,7218.75,24000,(not validated),https://arbimon.rfcx.org/legacy-api/project/tricolored-blackbird-breeding-phenology/recordings/download/147407387,0.21915830946571696,48462
594177761,CRam-2023-04-20_08-00.WAV,2023 Creed Rd,2023,4,20,9,0,Agelaius tricolor,Alternative Song,4.842666666666666,6.037333333333334,2625,7218.75,24000,(not validated),https://arbimon.rfcx.org/legacy-api/project/tricolored-blackbird-breeding-phenology/recordings/download/147407481,0.23271761840726496,48462
594177762,CRam-2023-04-22_07-20.WAV,2023 Creed Rd,2023,4,22,8,20,Agelaius tricolor,Alternative Song,53.232,54.42666666666667,2625,7218.75,24000,(not validated),https://arbimon.rfcx.org/legacy-api/project/tricolored-blackbird-breeding-phenology/recordings/download/147407560,0.25321114619615753,48462
594177763,CRam-2023-04-21_09-00.WAV,2023 Creed Rd,2023,4,21,10,0,Agelaius tricolor,Alternative Song,44.352,45.54666666666667,2625,7218.75,24000,(not validated),https://arbimon.rfcx.org/legacy-api/project/tricolored-blackbird-breeding-phenology/recordings/download/147407562,0.2158271983370944,48462
594177764,CRam-2023-04-20_19-20.WAV,2023 Creed Rd,2023,4,20,20,20,Agelaius tricolor,Alternative Song,17.045333333333332,18.24,2625,7218.75,24000,(not validated),https://arbimon.rfcx.org/legacy-api/project/tricolored-blackbird-breeding-phenology/recordings/download/147407564,0.24727793642782256,48462
594177765,CRam-2023-04-22_06-20.WAV,2023 Creed Rd,2023,4,22,7,20,Agelaius tricolor,Alternative Song,47.205333333333336,48.4,2625,7218.75,24000,(not validated),https://arbimon.rfcx.org/legacy-api/project/tricolored-blackbird-breeding-phenology/recordings/download/147407566,0.22583532564763084,48462
594177766,CRam-2023-04-20_19-00.WAV,2023 Creed Rd,2023,4,20,20,0,Agelaius tricolor,Alternative Song,53.242666666666665,54.437333333333335,2625,7218.75,24000,(not validated),https://arbimon.rfcx.org/legacy-api/project/tricolored-blackbird-breeding-phenology/recordings/download/147407571,0.26620129968334866,48462
594177767,CRam-2023-04-19_18-20.WAV,2023 Creed Rd,2023,4,19,19,20,Agelaius tricolor,Alternative Song,29.781333333333333,30.976,2625,7218.75,24000,(not validated),https://arbimon.rfcx.org/legacy-api/project/tricolored-blackbird-breeding-phenology/recordings/download/147407869,0.21583382457428107,48462
594177768,CRam-2023-04-18_06-00.WAV,2023 Creed Rd,2023,4,18,7,0,Agelaius tricolor,Alternative Song,40.93333333333333,42.128,2625,7218.75,24000,(not validated),https://arbimon.rfcx.org/legacy-api/project/tricolored-blackbird-breeding-phenology/recordings/download/147408103,0.21174108706191216,48462
594177782,CRam-2023-04-20_07-40.WAV,2023 Creed Rd,2023,4,20,8,40,Agelaius tricolor,Alternative Song,54.165333333333336,55.36,2625,7218.75,24000,(not validated),https://arbimon.rfcx.org/legacy-api/project/tricolored-blackbird-breeding-phenology/recordings/download/147408261,0.23174027008727818,48462
594177783,CRam-2023-04-20_07-00.WAV,2023 Creed Rd,2023,4,20,8,0,Agelaius tricolor,Alternative Song,22.368,23.562666666666665,2625,7218.75,24000,(not validated),https://arbimon.rfcx.org/legacy-api/project/tricolored-blackbird-breeding-phenology/recordings/download/147408322,0.22361500660291367,48462
594177784,CRam-2023-04-17_06-00.WAV,2023 Creed Rd,2023,4,17,7,0,Agelaius tricolor,Alternative Song,45.818666666666665,47.013333333333335,2625,7218.75,24000,(not validated),https://arbimon.rfcx.org/legacy-api/project/tricolored-blackbird-breeding-phenology/recordings/download/147408767,0.23458353287996245,48462
594177876,CRam-2023-06-14_07-20.WAV,2023 Creed Rd,2023,6,14,8,20,Agelaius tricolor,Alternative Song,47.51466666666666,48.70933333333333,2625,7218.75,24000,(not validated),https://arbimon.rfcx.org/legacy-api/project/tricolored-blackbird-breeding-phenology/recordings/download/147398249,0.20792338778883174,48462
594177877,CRam-2023-06-14_02-40.WAV,2023 Creed Rd,2023,6,14,3,40,Agelaius tricolor,Alternative Song,28.490666666666666,29.685333333333332,2625,7218.75,24000,(not validated),https://arbimon.rfcx.org/legacy-api/project/tricolored-blackbird-breeding-phenology/recordings/download/147398267,0.2162771558407111,48462
594177878,CRam-2023-06-12_03-20.WAV,2023 Creed Rd,2023,6,12,4,20,Agelaius tricolor,Alternative Song,18.405333333333335,19.6,2625,7218.75,24000,(not validated),https://arbimon.rfcx.org/legacy-api/project/tricolored-blackbird-breeding-phenology/recordings/download/147398287,0.23683126856207767,48462
594177879,CRam-2023-06-13_04-20.WAV,2023 Creed Rd,2023,6,13,5,20,Agelaius tricolor,Alternative Song,54.458666666666666,55.653333333333336,2625,7218.75,24000,(not validated),https://arbimon.rfcx.org/legacy-api/project/tricolored-blackbird-breeding-phenology/recordings/download/147398348,0.20509904318811883,48462
594177880,CRam-2023-06-12_20-40.WAV,2023 Creed Rd,2023,6,12,21,40,Agelaius tricolor,Alternative Song,57.141333333333336,58.336,2625,7218.75,24000,(not validated),https://arbimon.rfcx.org/legacy-api/project/tricolored-blackbird-breeding-phenology/recordings/download/147398427,0.20063957264313492,48462
594177881,CRam-2023-06-13_05-20.WAV,2023 Creed Rd,2023,6,13,6,20,Agelaius tricolor,Alternative Song,39.141333333333336,40.336,2625,7218.75,24000,(not validated),https://arbimon.rfcx.org/legacy-api/project/tricolored-blackbird-breeding-phenology/recordings/download/147398514,0.2659213778755779,48462
594177882,CRam-2023-06-11_11-40.WAV,2023 Creed Rd,2023,6,11,12,40,Agelaius tricolor,Alternative Song,54.432,55.626666666666665,2625,7218.75,24000,(not validated),https://arbimon.rfcx.org/legacy-api/project/tricolored-blackbird-breeding-phenology/recordings/download/147398535,0.21552462175449047,48462
594177883,CRam-2023-06-10_09-20.WAV,2023 Creed Rd,2023,6,10,10,20,Agelaius tricolor,Alternative Song,8,9.194666666666667,2625,7218.75,24000,(not validated),https://arbimon.rfcx.org/legacy-api/project/tricolored-blackbird-breeding-phenology/recordings/download/147398643,0.2219447008589871,48462
594177884,CRam-2023-06-10_19-20.WAV,2023 Creed Rd,2023,6,10,20,20,Agelaius tricolor,Alternative Song,55.242666666666665,56.437333333333335,2625,7218.75,24000,(not validated),https://arbimon.rfcx.org/legacy-api/project/tricolored-blackbird-breeding-phenology/recordings/download/147398725,0.20943345281663817,48462
594177885,CRam-2023-06-11_04-20.WAV,2023 Creed Rd,2023,6,11,5,20,Agelaius tricolor,Alternative Song,17.098666666666666,18.293333333333333,2625,7218.75,24000,(not validated),https://arbimon.rfcx.org/legacy-api/project/tricolored-blackbird-breeding-phenology/recordings/download/147398737,0.21559454448296167,48462
594177886,CRam-2023-06-10_15-40.WAV,2023 Creed Rd,2023,6,10,16,40,Agelaius tricolor,Alternative Song,3.7173333333333334,4.912,2625,7218.75,24000,(not validated),https://arbimon.rfcx.org/legacy-api/project/tricolored-blackbird-breeding-phenology/recordings/download/147398762,0.206181392196753,48462
594177887,CRam-2023-06-10_07-00.WAV,2023 Creed Rd,2023,6,10,8,0,Agelaius tricolor,Alternative Song,12.869333333333334,14.064,2625,7218.75,24000,(not validated),https://arbimon.rfcx.org/legacy-api/project/tricolored-blackbird-breeding-phenology/recordings/download/147398819,0.2158766645275035,48462
594177888,CRam-2023-06-10_12-20.WAV,2023 Creed Rd,2023,6,10,13,20,Agelaius tricolor,Alternative Song,27.034666666666666,28.229333333333333,2625,7218.75,24000,(not validated),https://arbimon.rfcx.org/legacy-api/project/tricolored-blackbird-breeding-phenology/recordings/download/147398836,0.20195365663896922,48462
594177889,CRam-2023-06-10_06-20.WAV,2023 Creed Rd,2023,6,10,7,20,Agelaius tricolor,Alternative Song,4.96,6.1546666666666665,2625,7218.75,24000,(not validated),https://arbimon.rfcx.org/legacy-api/project/tricolored-blackbird-breeding-phenology/recordings/download/147398842,0.20531818331103008,48462
594177890,CRam-2023-06-10_05-40.WAV,2023 Creed Rd,2023,6,10,6,40,Agelaius tricolor,Alternative Song,37.498666666666665,38.693333333333335,2625,7218.75,24000,(not validated),https://arbimon.rfcx.org/legacy-api/project/tricolored-blackbird-breeding-phenology/recordings/download/147398844,0.21081803228848012,48462
594177997,CRam-2023-04-05_02-00.WAV,2023 Creed Rd,2023,4,5,3,0,Agelaius tricolor,Alternative Song,57.68533333333333,58.88,2625,7218.75,24000,(not validated),https://arbimon.rfcx.org/legacy-api/project/tricolored-blackbird-breeding-phenology/recordings/download/147412076,0.21302510999940444,48462
594177998,CRam-2023-04-03_18-00.WAV,2023 Creed Rd,2023,4,3,19,0,Agelaius tricolor,Alternative Song,40.72,41.91466666666667,2625,7218.75,24000,(not validated),https://arbimon.rfcx.org/legacy-api/project/tricolored-blackbird-breeding-phenology/recordings/download/147412237,0.20145029600048564,48462
594177999,CRam-2023-04-03_11-40.WAV,2023 Creed Rd,2023,4,3,12,40,Agelaius tricolor,Alternative Song,42.688,43.882666666666665,2625,7218.75,24000,(not validated),https://arbimon.rfcx.org/legacy-api/project/tricolored-blackbird-breeding-phenology/recordings/download/147412266,0.20272421735692725,48462
594178000,CRam-2023-04-01_18-40.WAV,2023 Creed Rd,2023,4,1,19,40,Agelaius tricolor,Alternative Song,27.301333333333332,28.496,2625,7218.75,24000,(not validated),https://arbimon.rfcx.org/legacy-api/project/tricolored-blackbird-breeding-phenology/recordings/download/147412463,0.21192505901157732,48462
594178073,CRam-2023-05-06_06-00.WAV,2023 Creed Rd,2023,5,6,7,0,Agelaius tricolor,Alternative Song,42.37866666666667,43.57333333333333,2625,7218.75,24000,(not validated),https://arbimon.rfcx.org/legacy-api/project/tricolored-blackbird-breeding-phenology/recordings/download/147404968,0.25629467839557546,48462
594178074,CRam-2023-05-06_05-40.WAV,2023 Creed Rd,2023,5,6,6,40,Agelaius tricolor,Alternative Song,44.31466666666667,45.50933333333333,2625,7218.75,24000,(not validated),https://arbimon.rfcx.org/legacy-api/project/tricolored-blackbird-breeding-phenology/recordings/download/147404993,0.33090250323552706,48462
594178075,CRam-2023-05-05_20-00.WAV,2023 Creed Rd,2023,5,5,21,0,Agelaius tricolor,Alternative Song,42.906666666666666,44.101333333333336,2625,7218.75,24000,(not validated),https://arbimon.rfcx.org/legacy-api/project/tricolored-blackbird-breeding-phenology/recordings/download/147405014,0.3083546494829822,48462
594178076,CRam-2023-05-06_20-00.WAV,2023 Creed Rd,2023,5,6,21,0,Agelaius tricolor,Alternative Song,10.896,12.090666666666667,2625,7218.75,24000,(not validated),https://arbimon.rfcx.org/legacy-api/project/tricolored-blackbird-breeding-phenology/recordings/download/147405033,0.2706273033577322,48462
594178077,CRam-2023-05-05_06-00.WAV,2023 Creed Rd,2023,5,5,7,0,Agelaius tricolor,Alternative Song,33.73866666666667,34.93333333333333,2625,7218.75,24000,(not validated),https://arbimon.rfcx.org/legacy-api/project/tricolored-blackbird-breeding-phenology/recordings/download/147405099,0.20677631643297528,48462
594178078,CRam-2023-05-05_22-00.WAV,2023 Creed Rd,2023,5,5,23,0,Agelaius tricolor,Alternative Song,31.632,32.82666666666667,2625,7218.75,24000,(not validated),https://arbimon.rfcx.org/legacy-api/project/tricolored-blackbird-breeding-phenology/recordings/download/147405124,0.23185220181083158,48462
594178079,CRam-2023-05-04_20-00.WAV,2023 Creed Rd,2023,5,4,21,0,Agelaius tricolor,Alternative Song,23.770666666666667,24.965333333333334,2625,7218.75,24000,(not validated),https://arbimon.rfcx.org/legacy-api/project/tricolored-blackbird-breeding-phenology/recordings/download/147405130,0.2771707787010638,48462
594178080,CRam-2023-05-04_06-20.WAV,2023 Creed Rd,2023,5,4,7,20,Agelaius tricolor,Alternative Song,56.29333333333334,57.488,2625,7218.75,24000,(not validated),https://arbimon.rfcx.org/legacy-api/project/tricolored-blackbird-breeding-phenology/recordings/download/147405143,0.22206788039832448,48462
594178081,CRam-2023-05-04_08-40.WAV,2023 Creed Rd,2023,5,4,9,40,Agelaius tricolor,Alternative Song,46.736,47.93066666666667,2625,7218.75,24000,(not validated),https://arbimon.rfcx.org/legacy-api/project/tricolored-blackbird-breeding-phenology/recordings/download/147405144,0.20977024344624753,48462
594178082,CRam-2023-05-05_17-40.WAV,2023 Creed Rd,2023,5,5,18,40,Agelaius tricolor,Alternative Song,57.59466666666667,58.78933333333333,2625,7218.75,24000,(not validated),https://arbimon.rfcx.org/legacy-api/project/tricolored-blackbird-breeding-phenology/recordings/download/147405161,0.20392476961149986,48462
594178083,CRam-2023-05-05_04-00.WAV,2023 Creed Rd,2023,5,5,5,0,Agelaius tricolor,Alternative Song,20.405333333333335,21.6,2625,7218.75,24000,(not validated),https://arbimon.rfcx.org/legacy-api/project/tricolored-blackbird-breeding-phenology/recordings/download/147405171,0.25862106396674084,48462
594178084,CRam-2023-05-04_05-40.WAV,2023 Creed Rd,2023,5,4,6,40,Agelaius tricolor,Alternative Song,24.469333333333335,25.664,2625,7218.75,24000,(not validated),https://arbimon.rfcx.org/legacy-api/project/tricolored-blackbird-breeding-phenology/recordings/download/147405176,0.2602405476334759,48462
594178085,CRam-2023-05-05_19-40.WAV,2023 Creed Rd,2023,5,5,20,40,Agelaius tricolor,Alternative Song,14.442666666666666,15.637333333333334,2625,7218.75,24000,(not validated),https://arbimon.rfcx.org/legacy-api/project/tricolored-blackbird-breeding-phenology/recordings/download/147405184,0.2706579638469092,48462
594178086,CRam-2023-05-05_07-40.WAV,2023 Creed Rd,2023,5,5,8,40,Agelaius tricolor,Alternative Song,31.749333333333333,32.944,2625,7218.75,24000,(not validated),https://arbimon.rfcx.org/legacy-api/project/tricolored-blackbird-breeding-phenology/recordings/download/147405250,0.2221635130401964,48462
594178087,CRam-2023-05-04_11-40.WAV,2023 Creed Rd,2023,5,4,12,40,Agelaius tricolor,Alternative Song,15.861333333333333,17.056,2625,7218.75,24000,(not validated),https://arbimon.rfcx.org/legacy-api/project/tricolored-blackbird-breeding-phenology/recordings/download/147405252,0.20858683896654087,48462
594178088,CRam-2023-05-04_12-40.WAV,2023 Creed Rd,2023,5,4,13,40,Agelaius tricolor,Alternative Song,56.22933333333334,57.424,2625,7218.75,24000,(not validated),https://arbimon.rfcx.org/legacy-api/project/tricolored-blackbird-breeding-phenology/recordings/download/147405256,0.24246766427768573,48462
594178089,CRam-2023-05-03_19-40.WAV,2023 Creed Rd,2023,5,3,20,40,Agelaius tricolor,Alternative Song,55.19466666666667,56.38933333333333,2625,7218.75,24000,(not validated),https://arbimon.rfcx.org/legacy-api/project/tricolored-blackbird-breeding-phenology/recordings/download/147405272,0.20742168859848842,48462
594178090,CRam-2023-05-03_13-20.WAV,2023 Creed Rd,2023,5,3,14,20,Agelaius tricolor,Alternative Song,37.76533333333333,38.96,2625,7218.75,24000,(not validated),https://arbimon.rfcx.org/legacy-api/project/tricolored-blackbird-breeding-phenology/recordings/download/147405312,0.2046220318743882,48462
594178091,CRam-2023-05-04_08-00.WAV,2023 Creed Rd,2023,5,4,9,0,Agelaius tricolor,Alternative Song,12.976,14.170666666666667,2625,7218.75,24000,(not validated),https://arbimon.rfcx.org/legacy-api/project/tricolored-blackbird-breeding-phenology/recordings/download/147405317,0.2513858348744288,48462
594178092,CRam-2023-05-04_06-00.WAV,2023 Creed Rd,2023,5,4,7,0,Agelaius tricolor,Alternative Song,3.264,4.458666666666667,2625,7218.75,24000,(not validated),https://arbimon.rfcx.org/legacy-api/project/tricolored-blackbird-breeding-phenology/recordings/download/147405318,0.26919100647397554,48462
594178093,CRam-2023-05-05_05-40.WAV,2023 Creed Rd,2023,5,5,6,40,Agelaius tricolor,Alternative Song,17.466666666666665,18.661333333333335,2625,7218.75,24000,(not validated),https://arbimon.rfcx.org/legacy-api/project/tricolored-blackbird-breeding-phenology/recordings/download/147405334,0.3051065882160594,48462
594178094,CRam-2023-05-03_07-00.WAV,2023 Creed Rd,2023,5,3,8,0,Agelaius tricolor,Alternative Song,37.616,38.81066666666667,2625,7218.75,24000,(not validated),https://arbimon.rfcx.org/legacy-api/project/tricolored-blackbird-breeding-phenology/recordings/download/147405363,0.22649282202588095,48462
594178095,CRam-2023-05-04_18-00.WAV,2023 Creed Rd,2023,5,4,19,0,Agelaius tricolor,Alternative Song,21.754666666666665,22.949333333333332,2625,7218.75,24000,(not validated),https://arbimon.rfcx.org/legacy-api/project/tricolored-blackbird-breeding-phenology/recordings/download/147405368,0.2156161089226489,48462
594178096,CRam-2023-05-03_05-40.WAV,2023 Creed Rd,2023,5,3,6,40,Agelaius tricolor,Alternative Song,14.325333333333333,15.52,2625,7218.75,24000,(not validated),https://arbimon.rfcx.org/legacy-api/project/tricolored-blackbird-breeding-phenology/recordings/download/147405374,0.37782391928704284,48462
594178097,CRam-2023-05-02_16-40.WAV,2023 Creed Rd,2023,5,2,17,40,Agelaius tricolor,Alternative Song,30.997333333333334,32.192,2625,7218.75,24000,(not validated),https://arbimon.rfcx.org/legacy-api/project/tricolored-blackbird-breeding-phenology/recordings/download/147405395,0.20974546799810587,48462
594178098,CRam-2023-05-02_11-40.WAV,2023 Creed Rd,2023,5,2,12,40,Agelaius tricolor,Alternative Song,48.384,49.57866666666666,2625,7218.75,24000,(not validated),https://arbimon.rfcx.org/legacy-api/project/tricolored-blackbird-breeding-phenology/recordings/download/147405464,0.27386668880726955,48462
594178099,CRam-2023-05-04_06-40.WAV,2023 Creed Rd,2023,5,4,7,40,Agelaius tricolor,Alternative Song,53.10933333333333,54.304,2625,7218.75,24000,(not validated),https://arbimon.rfcx.org/legacy-api/project/tricolored-blackbird-breeding-phenology/recordings/download/147405465,0.23093888735047682,48462
594178100,CRam-2023-05-02_05-40.WAV,2023 Creed Rd,2023,5,2,6,40,Agelaius tricolor,Alternative Song,41.242666666666665,42.437333333333335,2625,7218.75,24000,(not validated),https://arbimon.rfcx.org/legacy-api/project/tricolored-blackbird-breeding-phenology/recordings/download/147405468,0.27749603375545584,48462
594178101,CRam-2023-05-02_08-40.WAV,2023 Creed Rd,2023,5,2,9,40,Agelaius tricolor,Alternative Song,1.2,2.3946666666666667,2625,7218.75,24000,(not validated),https://arbimon.rfcx.org/legacy-api/project/tricolored-blackbird-breeding-phenology/recordings/download/147405496,0.22005653970906028,48462
594178102,CRam-2023-07-05_01-00.WAV,2023 Creed Rd,2023,7,5,2,0,Agelaius tricolor,Alternative Song,9.178666666666667,10.373333333333333,2625,7218.75,24000,(not validated),https://arbimon.rfcx.org/legacy-api/project/tricolored-blackbird-breeding-phenology/recordings/download/147394828,0.20774550197067665,48462
594178103,CRam-2023-07-03_18-20.WAV,2023 Creed Rd,2023,7,3,19,20,Agelaius tricolor,Alternative Song,10.432,11.626666666666667,2625,7218.75,24000,(not validated),https://arbimon.rfcx.org/legacy-api/project/tricolored-blackbird-breeding-phenology/recordings/download/147394841,0.20886240011675117,48462
594178104,CRam-2023-07-04_20-40.WAV,2023 Creed Rd,2023,7,4,21,40,Agelaius tricolor,Alternative Song,37.696,38.89066666666667,2625,7218.75,24000,(not validated),https://arbimon.rfcx.org/legacy-api/project/tricolored-blackbird-breeding-phenology/recordings/download/147394843,0.21319797158429032,48462
594178105,CRam-2023-07-03_17-20.WAV,2023 Creed Rd,2023,7,3,18,20,Agelaius tricolor,Alternative Song,42.138666666666666,43.333333333333336,2625,7218.75,24000,(not validated),https://arbimon.rfcx.org/legacy-api/project/tricolored-blackbird-breeding-phenology/recordings/download/147394844,0.22245903134506836,48462
594178106,CRam-2023-07-04_18-00.WAV,2023 Creed Rd,2023,7,4,19,0,Agelaius tricolor,Alternative Song,44.64,45.834666666666664,2625,7218.75,24000,(not validated),https://arbimon.rfcx.org/legacy-api/project/tricolored-blackbird-breeding-phenology/recordings/download/147394861,0.21037412482740284,48462
594178107,CRam-2023-07-05_00-00.WAV,2023 Creed Rd,2023,7,5,1,0,Agelaius tricolor,Alternative Song,3.8026666666666666,4.997333333333334,2625,7218.75,24000,(not validated),https://arbimon.rfcx.org/legacy-api/project/tricolored-blackbird-breeding-phenology/recordings/download/147394874,0.2216728337367589,48462
594178108,CRam-2023-07-04_14-00.WAV,2023 Creed Rd,2023,7,4,15,0,Agelaius tricolor,Alternative Song,55.89333333333333,57.088,2625,7218.75,24000,(not validated),https://arbimon.rfcx.org/legacy-api/project/tricolored-blackbird-breeding-phenology/recordings/download/147394880,0.20507588462189652,48462
594178109,CRam-2023-07-04_17-00.WAV,2023 Creed Rd,2023,7,4,18,0,Agelaius tricolor,Alternative Song,1.312,2.506666666666667,2625,7218.75,24000,(not validated),https://arbimon.rfcx.org/legacy-api/project/tricolored-blackbird-breeding-phenology/recordings/download/147394902,0.2075715973514116,48462
594178110,CRam-2023-07-04_07-40.WAV,2023 Creed Rd,2023,7,4,8,40,Agelaius tricolor,Alternative Song,47.38133333333333,48.576,2625,7218.75,24000,(not validated),https://arbimon.rfcx.org/legacy-api/project/tricolored-blackbird-breeding-phenology/recordings/download/147394956,0.20207784609685325,48462
594178111,CRam-2023-07-04_01-40.WAV,2023 Creed Rd,2023,7,4,2,40,Agelaius tricolor,Alternative Song,24.08,25.27466666666667,2625,7218.75,24000,(not validated),https://arbimon.rfcx.org/legacy-api/project/tricolored-blackbird-breeding-phenology/recordings/download/147394957,0.2103667655206447,48462
594178112,CRam-2023-07-04_05-20.WAV,2023 Creed Rd,2023,7,4,6,20,Agelaius tricolor,Alternative Song,15.690666666666667,16.88533333333333,2625,7218.75,24000,(not validated),https://arbimon.rfcx.org/legacy-api/project/tricolored-blackbird-breeding-phenology/recordings/download/147394960,0.20292094601424715,48462
594178113,CRam-2023-07-04_02-00.WAV,2023 Creed Rd,2023,7,4,3,0,Agelaius tricolor,Alternative Song,36.05866666666667,37.25333333333333,2625,7218.75,24000,(not validated),https://arbimon.rfcx.org/legacy-api/project/tricolored-blackbird-breeding-phenology/recordings/download/147394967,0.20335601582526738,48462
594178114,CRam-2023-07-04_05-00.WAV,2023 Creed Rd,2023,7,4,6,0,Agelaius tricolor,Alternative Song,34.93866666666667,36.13333333333333,2625,7218.75,24000,(not validated),https://arbimon.rfcx.org/legacy-api/project/tricolored-blackbird-breeding-phenology/recordings/download/147394972,0.2009470697575106,48462
594178115,CRam-2023-07-04_00-20.WAV,2023 Creed Rd,2023,7,4,1,20,Agelaius tricolor,Alternative Song,14.688,15.882666666666667,2625,7218.75,24000,(not validated),https://arbimon.rfcx.org/legacy-api/project/tricolored-blackbird-breeding-phenology/recordings/download/147394988,0.20120731786398902,48462
594178116,CRam-2023-07-03_23-40.WAV,2023 Creed Rd,2023,7,4,0,40,Agelaius tricolor,Alternative Song,24.741333333333333,25.936,2625,7218.75,24000,(not validated),https://arbimon.rfcx.org/legacy-api/project/tricolored-blackbird-breeding-phenology/recordings/download/147394994,0.21730883202763157,48462
594178117,CRam-2023-07-03_21-20.WAV,2023 Creed Rd,2023,7,3,22,20,Agelaius tricolor,Alternative Song,29.418666666666667,30.613333333333333,2625,7218.75,24000,(not validated),https://arbimon.rfcx.org/legacy-api/project/tricolored-blackbird-breeding-phenology/recordings/download/147395022,0.21952779968099315,48462
594178118,CRam-2023-07-03_18-40.WAV,2023 Creed Rd,2023,7,3,19,40,Agelaius tricolor,Alternative Song,21.162666666666667,22.357333333333333,2625,7218.75,24000,(not validated),https://arbimon.rfcx.org/legacy-api/project/tricolored-blackbird-breeding-phenology/recordings/download/147395027,0.20445179646212272,48462
594178119,CRam-2023-07-03_16-40.WAV,2023 Creed Rd,2023,7,3,17,40,Agelaius tricolor,Alternative Song,39.205333333333336,40.4,2625,7218.75,24000,(not validated),https://arbimon.rfcx.org/legacy-api/project/tricolored-blackbird-breeding-phenology/recordings/download/147395051,0.25352028393002624,48462
594178120,CRam-2023-07-03_10-40.WAV,2023 Creed Rd,2023,7,3,11,40,Agelaius tricolor,Alternative Song,45.285333333333334,46.48,2625,7218.75,24000,(not validated),https://arbimon.rfcx.org/legacy-api/project/tricolored-blackbird-breeding-phenology/recordings/download/147395065,0.20218283872346574,48462
594178121,CRam-2023-07-03_07-20.WAV,2023 Creed Rd,2023,7,3,8,20,Agelaius tricolor,Alternative Song,23.14666666666667,24.341333333333335,2625,7218.75,24000,(not validated),https://arbimon.rfcx.org/legacy-api/project/tricolored-blackbird-breeding-phenology/recordings/download/147395088,0.20912193111513236,48462
594178122,CRam-2023-07-03_06-40.WAV,2023 Creed Rd,2023,7,3,7,40,Agelaius tricolor,Alternative Song,35.40266666666667,36.59733333333333,2625,7218.75,24000,(not validated),https://arbimon.rfcx.org/legacy-api/project/tricolored-blackbird-breeding-phenology/recordings/download/147395090,0.22713696247606924,48462
594178123,CRam-2023-07-03_09-20.WAV,2023 Creed Rd,2023,7,3,10,20,Agelaius tricolor,Alternative Song,47.888,49.08266666666667,2625,7218.75,24000,(not validated),https://arbimon.rfcx.org/legacy-api/project/tricolored-blackbird-breeding-phenology/recordings/download/147395095,0.20513470465563666,48462
594178124,CRam-2023-07-03_04-20.WAV,2023 Creed Rd,2023,7,3,5,20,Agelaius tricolor,Alternative Song,38.68266666666667,39.87733333333333,2625,7218.75,24000,(not validated),https://arbimon.rfcx.org/legacy-api/project/tricolored-blackbird-breeding-phenology/recordings/download/147395103,0.21776561481219256,48462
594178125,CRam-2023-07-02_19-20.WAV,2023 Creed Rd,2023,7,2,20,20,Agelaius tricolor,Alternative Song,1.76,2.9546666666666668,2625,7218.75,24000,(not validated),https://arbimon.rfcx.org/legacy-api/project/tricolored-blackbird-breeding-phenology/recordings/download/147395180,0.23336280532766224,48462
594178126,CRam-2023-03-21_07-20.WAV,2023 Creed Rd,2023,3,21,8,20,Agelaius tricolor,Alternative Song,5.728,6.922666666666666,2625,7218.75,24000,(not validated),https://arbimon.rfcx.org/legacy-api/project/tricolored-blackbird-breeding-phenology/recordings/download/147414048,0.24134451081154476,48462
594178127,CRam-2023-03-19_15-20.WAV,2023 Creed Rd,2023,3,19,16,20,Agelaius tricolor,Alternative Song,11.264,12.458666666666666,2625,7218.75,24000,(not validated),https://arbimon.rfcx.org/legacy-api/project/tricolored-blackbird-breeding-phenology/recordings/download/147414085,0.2326619590234817,48462
594178128,CRam-2023-03-19_09-20.WAV,2023 Creed Rd,2023,3,19,10,20,Agelaius tricolor,Alternative Song,51.17333333333333,52.368,2625,7218.75,24000,(not validated),https://arbimon.rfcx.org/legacy-api/project/tricolored-blackbird-breeding-phenology/recordings/download/147414130,0.23917637089602822,48462
594178129,CRam-2023-03-19_14-00.WAV,2023 Creed Rd,2023,3,19,15,0,Agelaius tricolor,Alternative Song,50.976,52.17066666666667,2625,7218.75,24000,(not validated),https://arbimon.rfcx.org/legacy-api/project/tricolored-blackbird-breeding-phenology/recordings/download/147414132,0.22559427693974146,48462
594178130,CRam-2023-06-16_22-40.WAV,2023 Creed Rd,2023,6,16,23,40,Agelaius tricolor,Alternative Song,47.84,49.034666666666666,2625,7218.75,24000,(not validated),https://arbimon.rfcx.org/legacy-api/project/tricolored-blackbird-breeding-phenology/recordings/download/147397668,0.20315969640675044,48462
594178131,CRam-2023-06-17_06-00.WAV,2023 Creed Rd,2023,6,17,7,0,Agelaius tricolor,Alternative Song,54.245333333333335,55.44,2625,7218.75,24000,(not validated),https://arbimon.rfcx.org/legacy-api/project/tricolored-blackbird-breeding-phenology/recordings/download/147397670,0.20119545500026728,48462
594178132,CRam-2023-06-17_01-00.WAV,2023 Creed Rd,2023,6,17,2,0,Agelaius tricolor,Alternative Song,27.429333333333332,28.624,2625,7218.75,24000,(not validated),https://arbimon.rfcx.org/legacy-api/project/tricolored-blackbird-breeding-phenology/recordings/download/147397754,0.21565848075065094,48462
594178133,CRam-2023-06-16_09-20.WAV,2023 Creed Rd,2023,6,16,10,20,Agelaius tricolor,Alternative Song,54.064,55.25866666666667,2625,7218.75,24000,(not validated),https://arbimon.rfcx.org/legacy-api/project/tricolored-blackbird-breeding-phenology/recordings/download/147397869,0.20276007296328125,48462
594178134,CRam-2023-06-16_05-20.WAV,2023 Creed Rd,2023,6,16,6,20,Agelaius tricolor,Alternative Song,50.896,52.090666666666664,2625,7218.75,24000,(not validated),https://arbimon.rfcx.org/legacy-api/project/tricolored-blackbird-breeding-phenology/recordings/download/147397907,0.2375314025042836,48462
594178135,CRam-2023-06-15_22-40.WAV,2023 Creed Rd,2023,6,15,23,40,Agelaius tricolor,Alternative Song,56.090666666666664,57.285333333333334,2625,7218.75,24000,(not validated),https://arbimon.rfcx.org/legacy-api/project/tricolored-blackbird-breeding-phenology/recordings/download/147397930,0.20040952173896864,48462
594178136,CRam-2023-06-15_23-00.WAV,2023 Creed Rd,2023,6,16,0,0,Agelaius tricolor,Alternative Song,15.248,16.442666666666668,2625,7218.75,24000,(not validated),https://arbimon.rfcx.org/legacy-api/project/tricolored-blackbird-breeding-phenology/recordings/download/147397932,0.20643396275861464,48462
594178137,CRam-2023-06-15_06-20.WAV,2023 Creed Rd,2023,6,15,7,20,Agelaius tricolor,Alternative Song,35.648,36.842666666666666,2625,7218.75,24000,(not validated),https://arbimon.rfcx.org/legacy-api/project/tricolored-blackbird-breeding-phenology/recordings/download/147397967,0.20658691716025743,48462
594178138,CRam-2023-06-15_03-40.WAV,2023 Creed Rd,2023,6,15,4,40,Agelaius tricolor,Alternative Song,57.397333333333336,58.592,2625,7218.75,24000,(not validated),https://arbimon.rfcx.org/legacy-api/project/tricolored-blackbird-breeding-phenology/recordings/download/147397999,0.20994487189378894,48462
594178139,CRam-2023-06-14_05-40.WAV,2023 Creed Rd,2023,6,14,6,40,Agelaius tricolor,Alternative Song,24.485333333333333,25.68,2625,7218.75,24000,(not validated),https://arbimon.rfcx.org/legacy-api/project/tricolored-blackbird-breeding-phenology/recordings/download/147398014,0.2091552657759752,48462
594178140,CRam-2023-06-15_06-00.WAV,2023 Creed Rd,2023,6,15,7,0,Agelaius tricolor,Alternative Song,56.42133333333334,57.616,2625,7218.75,24000,(not validated),https://arbimon.rfcx.org/legacy-api/project/tricolored-blackbird-breeding-phenology/recordings/download/147398023,0.20443292722297324,48462
594178141,CRam-2023-06-15_11-20.WAV,2023 Creed Rd,2023,6,15,12,20,Agelaius tricolor,Alternative Song,0.18133333333333335,1.376,2625,7218.75,24000,(not validated),https://arbimon.rfcx.org/legacy-api/project/tricolored-blackbird-breeding-phenology/recordings/download/147398031,0.2102762444219316,48462
594178142,CRam-2023-06-15_07-00.WAV,2023 Creed Rd,2023,6,15,8,0,Agelaius tricolor,Alternative Song,2.9013333333333335,4.096,2625,7218.75,24000,(not validated),https://arbimon.rfcx.org/legacy-api/project/tricolored-blackbird-breeding-phenology/recordings/download/147398032,0.21070421701477104,48462
594178143,CRam-2023-06-15_04-20.WAV,2023 Creed Rd,2023,6,15,5,20,Agelaius tricolor,Alternative Song,37.84,39.034666666666666,2625,7218.75,24000,(not validated),https://arbimon.rfcx.org/legacy-api/project/tricolored-blackbird-breeding-phenology/recordings/download/147398035,0.21812897439085452,48462
594178144,CRam-2023-06-15_05-00.WAV,2023 Creed Rd,2023,6,15,6,0,Agelaius tricolor,Alternative Song,34.19733333333333,35.392,2625,7218.75,24000,(not validated),https://arbimon.rfcx.org/legacy-api/project/tricolored-blackbird-breeding-phenology/recordings/download/147398064,0.2341827477076735,48462
594178145,CRam-2023-06-12_19-40.WAV,2023 Creed Rd,2023,6,12,20,40,Agelaius tricolor,Alternative Song,49.888,51.08266666666667,2625,7218.75,24000,(not validated),https://arbimon.rfcx.org/legacy-api/project/tricolored-blackbird-breeding-phenology/recordings/download/147398171,0.20872857671695133,48462
594178146,CRam-2023-06-14_05-20.WAV,2023 Creed Rd,2023,6,14,6,20,Agelaius tricolor,Alternative Song,54.61866666666667,55.81333333333333,2625,7218.75,24000,(not validated),https://arbimon.rfcx.org/legacy-api/project/tricolored-blackbird-breeding-phenology/recordings/download/147398189,0.23553856291495018,48462
594178147,CRam-2023-06-14_00-40.WAV,2023 Creed Rd,2023,6,14,1,40,Agelaius tricolor,Alternative Song,43.29066666666667,44.48533333333334,2625,7218.75,24000,(not validated),https://arbimon.rfcx.org/legacy-api/project/tricolored-blackbird-breeding-phenology/recordings/download/147398214,0.20844376740611306,48462
594178223,CRam-2023-05-30_00-40.WAV,2023 Creed Rd,2023,5,30,1,40,Agelaius tricolor,Alternative Song,40.053333333333335,41.248,2625,7218.75,24000,(not validated),https://arbimon.rfcx.org/legacy-api/project/tricolored-blackbird-breeding-phenology/recordings/download/147401685,0.20219221658718722,48462
594178224,CRam-2023-05-30_06-40.WAV,2023 Creed Rd,2023,5,30,7,40,Agelaius tricolor,Alternative Song,38.768,39.962666666666664,2625,7218.75,24000,(not validated),https://arbimon.rfcx.org/legacy-api/project/tricolored-blackbird-breeding-phenology/recordings/download/147401728,0.20243614357642364,48462
594178225,CRam-2023-05-29_15-20.WAV,2023 Creed Rd,2023,5,29,16,20,Agelaius tricolor,Alternative Song,19.312,20.506666666666668,2625,7218.75,24000,(not validated),https://arbimon.rfcx.org/legacy-api/project/tricolored-blackbird-breeding-phenology/recordings/download/147401733,0.2081783678043502,48462
594178226,CRam-2023-05-30_07-20.WAV,2023 Creed Rd,2023,5,30,8,20,Agelaius tricolor,Alternative Song,1.1093333333333333,2.304,2625,7218.75,24000,(not validated),https://arbimon.rfcx.org/legacy-api/project/tricolored-blackbird-breeding-phenology/recordings/download/147401769,0.2296835947204205,48462
594178227,CRam-2023-05-29_08-00.WAV,2023 Creed Rd,2023,5,29,9,0,Agelaius tricolor,Alternative Song,37.397333333333336,38.592,2625,7218.75,24000,(not validated),https://arbimon.rfcx.org/legacy-api/project/tricolored-blackbird-breeding-phenology/recordings/download/147401806,0.2018053962344308,48462
594178228,CRam-2023-05-29_05-40.WAV,2023 Creed Rd,2023,5,29,6,40,Agelaius tricolor,Alternative Song,40.352,41.54666666666667,2625,7218.75,24000,(not validated),https://arbimon.rfcx.org/legacy-api/project/tricolored-blackbird-breeding-phenology/recordings/download/147401808,0.20010464579061157,48462
594178229,CRam-2023-05-29_21-20.WAV,2023 Creed Rd,2023,5,29,22,20,Agelaius tricolor,Alternative Song,27.76,28.954666666666668,2625,7218.75,24000,(not validated),https://arbimon.rfcx.org/legacy-api/project/tricolored-blackbird-breeding-phenology/recordings/download/147401809,0.2031406397900962,48462
594178230,CRam-2023-05-29_02-00.WAV,2023 Creed Rd,2023,5,29,3,0,Agelaius tricolor,Alternative Song,28.112,29.30666666666667,2625,7218.75,24000,(not validated),https://arbimon.rfcx.org/legacy-api/project/tricolored-blackbird-breeding-phenology/recordings/download/147401826,0.20028063967856205,48462
594178231,CRam-2023-05-30_15-00.WAV,2023 Creed Rd,2023,5,30,16,0,Agelaius tricolor,Alternative Song,6.549333333333333,7.744,2625,7218.75,24000,(not validated),https://arbimon.rfcx.org/legacy-api/project/tricolored-blackbird-breeding-phenology/recordings/download/147401827,0.20624826460757806,48462
594178232,CRam-2023-05-29_08-40.WAV,2023 Creed Rd,2023,5,29,9,40,Agelaius tricolor,Alternative Song,46.272,47.46666666666667,2625,7218.75,24000,(not validated),https://arbimon.rfcx.org/legacy-api/project/tricolored-blackbird-breeding-phenology/recordings/download/147401859,0.22697169985023463,48462
594178233,CRam-2023-05-28_17-00.WAV,2023 Creed Rd,2023,5,28,18,0,Agelaius tricolor,Alternative Song,48.06933333333333,49.264,2625,7218.75,24000,(not validated),https://arbimon.rfcx.org/legacy-api/project/tricolored-blackbird-breeding-phenology/recordings/download/147401896,0.2098143270178636,48462
594178234,CRam-2023-05-30_01-00.WAV,2023 Creed Rd,2023,5,30,2,0,Agelaius tricolor,Alternative Song,26.8,27.994666666666667,2625,7218.75,24000,(not validated),https://arbimon.rfcx.org/legacy-api/project/tricolored-blackbird-breeding-phenology/recordings/download/147401922,0.2286461635165647,48462
594178235,CRam-2023-05-29_06-20.WAV,2023 Creed Rd,2023,5,29,7,20,Agelaius tricolor,Alternative Song,47.178666666666665,48.373333333333335,2625,7218.75,24000,(not validated),https://arbimon.rfcx.org/legacy-api/project/tricolored-blackbird-breeding-phenology/recordings/download/147401940,0.249377689669055,48462
594178236,CRam-2023-05-29_01-20.WAV,2023 Creed Rd,2023,5,29,2,20,Agelaius tricolor,Alternative Song,57.434666666666665,58.629333333333335,2625,7218.75,24000,(not validated),https://arbimon.rfcx.org/legacy-api/project/tricolored-blackbird-breeding-phenology/recordings/download/147401997,0.2217040209162868,48462
594178237,CRam-2023-05-27_20-20.WAV,2023 Creed Rd,2023,5,27,21,20,Agelaius tricolor,Alternative Song,15.12,16.314666666666668,2625,7218.75,24000,(not validated),https://arbimon.rfcx.org/legacy-api/project/tricolored-blackbird-breeding-phenology/recordings/download/147402003,0.20732202686083825,48462
594178238,CRam-2023-05-27_21-40.WAV,2023 Creed Rd,2023,5,27,22,40,Agelaius tricolor,Alternative Song,39.16266666666667,40.35733333333334,2625,7218.75,24000,(not validated),https://arbimon.rfcx.org/legacy-api/project/tricolored-blackbird-breeding-phenology/recordings/download/147402004,0.20478856671452253,48462
594178239,CRam-2023-05-29_04-20.WAV,2023 Creed Rd,2023,5,29,5,20,Agelaius tricolor,Alternative Song,55.52,56.714666666666666,2625,7218.75,24000,(not validated),https://arbimon.rfcx.org/legacy-api/project/tricolored-blackbird-breeding-phenology/recordings/download/147402015,0.22026992964361441,48462
594178240,CRam-2023-05-27_18-00.WAV,2023 Creed Rd,2023,5,27,19,0,Agelaius tricolor,Alternative Song,34.368,35.562666666666665,2625,7218.75,24000,(not validated),https://arbimon.rfcx.org/legacy-api/project/tricolored-blackbird-breeding-phenology/recordings/download/147402018,0.20060293000367746,48462
594178241,CRam-2023-05-27_19-00.WAV,2023 Creed Rd,2023,5,27,20,0,Agelaius tricolor,Alternative Song,41.104,42.29866666666667,2625,7218.75,24000,(not validated),https://arbimon.rfcx.org/legacy-api/project/tricolored-blackbird-breeding-phenology/recordings/download/147402037,0.2103332414910756,48462
594178242,CRam-2023-05-27_14-40.WAV,2023 Creed Rd,2023,5,27,15,40,Agelaius tricolor,Alternative Song,9.658666666666667,10.853333333333333,2625,7218.75,24000,(not validated),https://arbimon.rfcx.org/legacy-api/project/tricolored-blackbird-breeding-phenology/recordings/download/147402041,0.20188229929813592,48462
594178243,CRam-2023-05-27_18-20.WAV,2023 Creed Rd,2023,5,27,19,20,Agelaius tricolor,Alternative Song,23.066666666666666,24.261333333333333,2625,7218.75,24000,(not validated),https://arbimon.rfcx.org/legacy-api/project/tricolored-blackbird-breeding-phenology/recordings/download/147402049,0.2074899969832746,48462
594178244,CRam-2023-05-28_11-20.WAV,2023 Creed Rd,2023,5,28,12,20,Agelaius tricolor,Alternative Song,28.112,29.30666666666667,2625,7218.75,24000,(not validated),https://arbimon.rfcx.org/legacy-api/project/tricolored-blackbird-breeding-phenology/recordings/download/147402058,0.21628202297656143,48462
594178245,CRam-2023-05-28_09-00.WAV,2023 Creed Rd,2023,5,28,10,0,Agelaius tricolor,Alternative Song,24.784,25.978666666666665,2625,7218.75,24000,(not validated),https://arbimon.rfcx.org/legacy-api/project/tricolored-blackbird-breeding-phenology/recordings/download/147402059,0.20134007833410567,48462
594178246,CRam-2023-05-28_06-20.WAV,2023 Creed Rd,2023,5,28,7,20,Agelaius tricolor,Alternative Song,45.40266666666667,46.59733333333333,2625,7218.75,24000,(not validated),https://arbimon.rfcx.org/legacy-api/project/tricolored-blackbird-breeding-phenology/recordings/download/147402069,0.2379819292571638,48462
594178247,CRam-2023-05-28_17-40.WAV,2023 Creed Rd,2023,5,28,18,40,Agelaius tricolor,Alternative Song,30.896,32.090666666666664,2625,7218.75,24000,(not validated),https://arbimon.rfcx.org/legacy-api/project/tricolored-blackbird-breeding-phenology/recordings/download/147402088,0.2081283677144052,48462
594178248,CRam-2023-05-27_10-40.WAV,2023 Creed Rd,2023,5,27,11,40,Agelaius tricolor,Alternative Song,16.138666666666666,17.333333333333332,2625,7218.75,24000,(not validated),https://arbimon.rfcx.org/legacy-api/project/tricolored-blackbird-breeding-phenology/recordings/download/147402092,0.22821491408467104,48462
594178249,CRam-2023-05-28_08-20.WAV,2023 Creed Rd,2023,5,28,9,20,Agelaius tricolor,Alternative Song,44.373333333333335,45.568,2625,7218.75,24000,(not validated),https://arbimon.rfcx.org/legacy-api/project/tricolored-blackbird-breeding-phenology/recordings/download/147402102,0.23207352911783397,48462
594178250,CRam-2023-05-26_15-40.WAV,2023 Creed Rd,2023,5,26,16,40,Agelaius tricolor,Alternative Song,10.261333333333333,11.456,2625,7218.75,24000,(not validated),https://arbimon.rfcx.org/legacy-api/project/tricolored-blackbird-breeding-phenology/recordings/download/147402117,0.2027077293927097,48462
594178251,CRam-2023-04-29_20-00.WAV,2023 Creed Rd,2023,4,29,21,0,Agelaius tricolor,Alternative Song,35.50933333333333,36.704,2625,7218.75,24000,(not validated),https://arbimon.rfcx.org/legacy-api/project/tricolored-blackbird-breeding-phenology/recordings/download/147406104,0.20190240006194424,48462
594178252,CRam-2023-04-29_07-00.WAV,2023 Creed Rd,2023,4,29,8,0,Agelaius tricolor,Alternative Song,6.181333333333333,7.376,2625,7218.75,24000,(not validated),https://arbimon.rfcx.org/legacy-api/project/tricolored-blackbird-breeding-phenology/recordings/download/147406118,0.20153537075185918,48462
594178253,CRam-2023-04-29_06-40.WAV,2023 Creed Rd,2023,4,29,7,40,Agelaius tricolor,Alternative Song,1.2426666666666666,2.437333333333333,2625,7218.75,24000,(not validated),https://arbimon.rfcx.org/legacy-api/project/tricolored-blackbird-breeding-phenology/recordings/download/147406189,0.20667915595234335,48462
594178254,CRam-2023-04-28_20-00.WAV,2023 Creed Rd,2023,4,28,21,0,Agelaius tricolor,Alternative Song,44.432,45.626666666666665,2625,7218.75,24000,(not validated),https://arbimon.rfcx.org/legacy-api/project/tricolored-blackbird-breeding-phenology/recordings/download/147406210,0.22746997885224973,48462
594178255,CRam-2023-04-29_06-20.WAV,2023 Creed Rd,2023,4,29,7,20,Agelaius tricolor,Alternative Song,58.757333333333335,59.952,2625,7218.75,24000,(not validated),https://arbimon.rfcx.org/legacy-api/project/tricolored-blackbird-breeding-phenology/recordings/download/147406223,0.222371191377999,48462
594178256,CRam-2023-04-29_06-00.WAV,2023 Creed Rd,2023,4,29,7,0,Agelaius tricolor,Alternative Song,8.864,10.058666666666667,2625,7218.75,24000,(not validated),https://arbimon.rfcx.org/legacy-api/project/tricolored-blackbird-breeding-phenology/recordings/download/147406226,0.2347706188210322,48462
594178257,CRam-2023-04-28_05-40.WAV,2023 Creed Rd,2023,4,28,6,40,Agelaius tricolor,Alternative Song,42.93866666666667,44.13333333333333,2625,7218.75,24000,(not validated),https://arbimon.rfcx.org/legacy-api/project/tricolored-blackbird-breeding-phenology/recordings/download/147406275,0.3194229116498952,48462
594178258,CRam-2023-04-27_20-20.WAV,2023 Creed Rd,2023,4,27,21,20,Agelaius tricolor,Alternative Song,42.90133333333333,44.096,2625,7218.75,24000,(not validated),https://arbimon.rfcx.org/legacy-api/project/tricolored-blackbird-breeding-phenology/recordings/download/147406278,0.22973084204220956,48462
594178259,CRam-2023-04-27_05-40.WAV,2023 Creed Rd,2023,4,27,6,40,Agelaius tricolor,Alternative Song,42.037333333333336,43.232,2625,7218.75,24000,(not validated),https://arbimon.rfcx.org/legacy-api/project/tricolored-blackbird-breeding-phenology/recordings/download/147406351,0.2530204216702732,48462
594178260,CRam-2023-04-27_07-40.WAV,2023 Creed Rd,2023,4,27,8,40,Agelaius tricolor,Alternative Song,39.824,41.01866666666667,2625,7218.75,24000,(not validated),https://arbimon.rfcx.org/legacy-api/project/tricolored-blackbird-breeding-phenology/recordings/download/147406372,0.22807529732998025,48462
594178261,CRam-2023-04-27_06-00.WAV,2023 Creed Rd,2023,4,27,7,0,Agelaius tricolor,Alternative Song,9.722666666666667,10.917333333333334,2625,7218.75,24000,(not validated),https://arbimon.rfcx.org/legacy-api/project/tricolored-blackbird-breeding-phenology/recordings/download/147406384,0.2671648501182115,48462
594178262,CRam-2023-04-28_06-20.WAV,2023 Creed Rd,2023,4,28,7,20,Agelaius tricolor,Alternative Song,3.9146666666666667,5.109333333333334,2625,7218.75,24000,(not validated),https://arbimon.rfcx.org/legacy-api/project/tricolored-blackbird-breeding-phenology/recordings/download/147406394,0.2029202265127232,48462
594178263,CRam-2023-04-27_06-20.WAV,2023 Creed Rd,2023,4,27,7,20,Agelaius tricolor,Alternative Song,5.1946666666666665,6.389333333333333,2625,7218.75,24000,(not validated),https://arbimon.rfcx.org/legacy-api/project/tricolored-blackbird-breeding-phenology/recordings/download/147406403,0.27708541550641214,48462
594178264,CRam-2023-04-27_20-00.WAV,2023 Creed Rd,2023,4,27,21,0,Agelaius tricolor,Alternative Song,13.674666666666667,14.869333333333334,2625,7218.75,24000,(not validated),https://arbimon.rfcx.org/legacy-api/project/tricolored-blackbird-breeding-phenology/recordings/download/147406407,0.2064051150058558,48462
594178265,CRam-2023-04-27_14-20.WAV,2023 Creed Rd,2023,4,27,15,20,Agelaius tricolor,Alternative Song,49.38133333333333,50.576,2625,7218.75,24000,(not validated),https://arbimon.rfcx.org/legacy-api/project/tricolored-blackbird-breeding-phenology/recordings/download/147406455,0.22989776879668972,48462
594178266,CRam-2023-04-26_08-00.WAV,2023 Creed Rd,2023,4,26,9,0,Agelaius tricolor,Alternative Song,54.208,55.40266666666667,2625,7218.75,24000,(not validated),https://arbimon.rfcx.org/legacy-api/project/tricolored-blackbird-breeding-phenology/recordings/download/147406492,0.23511738549490208,48462
594178267,CRam-2023-04-26_20-20.WAV,2023 Creed Rd,2023,4,26,21,20,Agelaius tricolor,Alternative Song,29.546666666666667,30.741333333333333,2625,7218.75,24000,(not validated),https://arbimon.rfcx.org/legacy-api/project/tricolored-blackbird-breeding-phenology/recordings/download/147406494,0.20623422299156094,48462
594178268,CRam-2023-04-26_20-00.WAV,2023 Creed Rd,2023,4,26,21,0,Agelaius tricolor,Alternative Song,21.525333333333332,22.72,2625,7218.75,24000,(not validated),https://arbimon.rfcx.org/legacy-api/project/tricolored-blackbird-breeding-phenology/recordings/download/147406504,0.22420770445221985,48462
594178269,CRam-2023-04-26_06-20.WAV,2023 Creed Rd,2023,4,26,7,20,Agelaius tricolor,Alternative Song,48.74133333333333,49.936,2625,7218.75,24000,(not validated),https://arbimon.rfcx.org/legacy-api/project/tricolored-blackbird-breeding-phenology/recordings/download/147406519,0.27444397076120464,48462
594178270,CRam-2023-04-26_09-40.WAV,2023 Creed Rd,2023,4,26,10,40,Agelaius tricolor,Alternative Song,4.149333333333334,5.344,2625,7218.75,24000,(not validated),https://arbimon.rfcx.org/legacy-api/project/tricolored-blackbird-breeding-phenology/recordings/download/147406525,0.21582645439990059,48462
594178271,CRam-2023-04-26_06-40.WAV,2023 Creed Rd,2023,4,26,7,40,Agelaius tricolor,Alternative Song,50.58133333333333,51.776,2625,7218.75,24000,(not validated),https://arbimon.rfcx.org/legacy-api/project/tricolored-blackbird-breeding-phenology/recordings/download/147406543,0.2014520389305639,48462
594178272,CRam-2023-04-26_05-40.WAV,2023 Creed Rd,2023,4,26,6,40,Agelaius tricolor,Alternative Song,22.837333333333333,24.032,2625,7218.75,24000,(not validated),https://arbimon.rfcx.org/legacy-api/project/tricolored-blackbird-breeding-phenology/recordings/download/147406559,0.3219275299896336,48462
594178273,CRam-2023-04-25_20-00.WAV,2023 Creed Rd,2023,4,25,21,0,Agelaius tricolor,Alternative Song,53.077333333333335,54.272,2625,7218.75,24000,(not validated),https://arbimon.rfcx.org/legacy-api/project/tricolored-blackbird-breeding-phenology/recordings/download/147406578,0.24429341161544413,48462
594178274,CRam-2023-05-20_20-40.WAV,2023 Creed Rd,2023,5,20,21,40,Agelaius tricolor,Alternative Song,51.669333333333334,52.864,2625,7218.75,24000,(not validated),https://arbimon.rfcx.org/legacy-api/project/tricolored-blackbird-breeding-phenology/recordings/download/147403064,0.2116164560660513,48462
594178275,CRam-2023-05-20_11-40.WAV,2023 Creed Rd,2023,5,20,12,40,Agelaius tricolor,Alternative Song,43.67466666666667,44.86933333333333,2625,7218.75,24000,(not validated),https://arbimon.rfcx.org/legacy-api/project/tricolored-blackbird-breeding-phenology/recordings/download/147403080,0.21445297975571345,48462
594178276,CRam-2023-05-20_06-20.WAV,2023 Creed Rd,2023,5,20,7,20,Agelaius tricolor,Alternative Song,39.077333333333335,40.272,2625,7218.75,24000,(not validated),https://arbimon.rfcx.org/legacy-api/project/tricolored-blackbird-breeding-phenology/recordings/download/147403093,0.208481566950714,48462
594178277,CRam-2023-05-20_05-20.WAV,2023 Creed Rd,2023,5,20,6,20,Agelaius tricolor,Alternative Song,36.464,37.65866666666667,2625,7218.75,24000,(not validated),https://arbimon.rfcx.org/legacy-api/project/tricolored-blackbird-breeding-phenology/recordings/download/147403104,0.24944313752939476,48462
594178278,CRam-2023-05-20_08-20.WAV,2023 Creed Rd,2023,5,20,9,20,Agelaius tricolor,Alternative Song,47.408,48.602666666666664,2625,7218.75,24000,(not validated),https://arbimon.rfcx.org/legacy-api/project/tricolored-blackbird-breeding-phenology/recordings/download/147403110,0.20054015362512836,48462
594178279,CRam-2023-05-19_21-00.WAV,2023 Creed Rd,2023,5,19,22,0,Agelaius tricolor,Alternative Song,24.874666666666666,26.069333333333333,2625,7218.75,24000,(not validated),https://arbimon.rfcx.org/legacy-api/project/tricolored-blackbird-breeding-phenology/recordings/download/147403175,0.2238083853743093,48462
594178280,CRam-2023-05-19_20-20.WAV,2023 Creed Rd,2023,5,19,21,20,Agelaius tricolor,Alternative Song,26.602666666666668,27.797333333333334,2625,7218.75,24000,(not validated),https://arbimon.rfcx.org/legacy-api/project/tricolored-blackbird-breeding-phenology/recordings/download/147403187,0.24658910769923628,48462
594178281,CRam-2023-05-18_19-40.WAV,2023 Creed Rd,2023,5,18,20,40,Agelaius tricolor,Alternative Song,40.714666666666666,41.909333333333336,2625,7218.75,24000,(not validated),https://arbimon.rfcx.org/legacy-api/project/tricolored-blackbird-breeding-phenology/recordings/download/147403196,0.21742599466440687,48462
594178282,CRam-2023-05-19_20-00.WAV,2023 Creed Rd,2023,5,19,21,0,Agelaius tricolor,Alternative Song,1.3226666666666667,2.517333333333333,2625,7218.75,24000,(not validated),https://arbimon.rfcx.org/legacy-api/project/tricolored-blackbird-breeding-phenology/recordings/download/147403197,0.23988656699118668,48462
594178283,CRam-2023-05-18_20-20.WAV,2023 Creed Rd,2023,5,18,21,20,Agelaius tricolor,Alternative Song,30.026666666666667,31.221333333333334,2625,7218.75,24000,(not validated),https://arbimon.rfcx.org/legacy-api/project/tricolored-blackbird-breeding-phenology/recordings/download/147403210,0.2481106315337089,48462
594178284,CRam-2023-05-18_05-20.WAV,2023 Creed Rd,2023,5,18,6,20,Agelaius tricolor,Alternative Song,15.029333333333334,16.224,2625,7218.75,24000,(not validated),https://arbimon.rfcx.org/legacy-api/project/tricolored-blackbird-breeding-phenology/recordings/download/147403248,0.26329804193706424,48462
594178285,CRam-2023-05-18_04-20.WAV,2023 Creed Rd,2023,5,18,5,20,Agelaius tricolor,Alternative Song,42.44266666666667,43.63733333333333,2625,7218.75,24000,(not validated),https://arbimon.rfcx.org/legacy-api/project/tricolored-blackbird-breeding-phenology/recordings/download/147403278,0.21422293790469382,48462
594178286,CRam-2023-05-17_23-00.WAV,2023 Creed Rd,2023,5,18,0,0,Agelaius tricolor,Alternative Song,38.842666666666666,40.037333333333336,2625,7218.75,24000,(not validated),https://arbimon.rfcx.org/legacy-api/project/tricolored-blackbird-breeding-phenology/recordings/download/147403318,0.22371730473850263,48462
594178287,CRam-2023-05-17_22-20.WAV,2023 Creed Rd,2023,5,17,23,20,Agelaius tricolor,Alternative Song,31.834666666666667,33.029333333333334,2625,7218.75,24000,(not validated),https://arbimon.rfcx.org/legacy-api/project/tricolored-blackbird-breeding-phenology/recordings/download/147403380,0.20124338124662458,48462
594178288,CRam-2023-05-16_11-20.WAV,2023 Creed Rd,2023,5,16,12,20,Agelaius tricolor,Alternative Song,16.549333333333333,17.744,2625,7218.75,24000,(not validated),https://arbimon.rfcx.org/legacy-api/project/tricolored-blackbird-breeding-phenology/recordings/download/147403413,0.24553652368850049,48462
594178289,CRam-2023-05-16_05-20.WAV,2023 Creed Rd,2023,5,16,6,20,Agelaius tricolor,Alternative Song,13.402666666666667,14.597333333333333,2625,7218.75,24000,(not validated),https://arbimon.rfcx.org/legacy-api/project/tricolored-blackbird-breeding-phenology/recordings/download/147403442,0.3199980596535387,48462
594178290,CRam-2023-05-17_20-20.WAV,2023 Creed Rd,2023,5,17,21,20,Agelaius tricolor,Alternative Song,20.581333333333333,21.776,2625,7218.75,24000,(not validated),https://arbimon.rfcx.org/legacy-api/project/tricolored-blackbird-breeding-phenology/recordings/download/147403454,0.238473581548815,48462
594178291,CRam-2023-05-16_20-20.WAV,2023 Creed Rd,2023,5,16,21,20,Agelaius tricolor,Alternative Song,5.536,6.730666666666667,2625,7218.75,24000,(not validated),https://arbimon.rfcx.org/legacy-api/project/tricolored-blackbird-breeding-phenology/recordings/download/147403487,0.22756130421802684,48462
594178292,CRam-2023-06-30_13-40.WAV,2023 Creed Rd,2023,6,30,14,40,Agelaius tricolor,Alternative Song,37.882666666666665,39.077333333333335,2625,7218.75,24000,(not validated),https://arbimon.rfcx.org/legacy-api/project/tricolored-blackbird-breeding-phenology/recordings/download/147395436,0.22085795446003298,48462
594178293,CRam-2023-06-30_02-40.WAV,2023 Creed Rd,2023,6,30,3,40,Agelaius tricolor,Alternative Song,0.058666666666666666,1.2533333333333334,2625,7218.75,24000,(not validated),https://arbimon.rfcx.org/legacy-api/project/tricolored-blackbird-breeding-phenology/recordings/download/147395562,0.2365933501155982,48462
594178294,CRam-2023-06-28_17-20.WAV,2023 Creed Rd,2023,6,28,18,20,Agelaius tricolor,Alternative Song,27.264,28.458666666666666,2625,7218.75,24000,(not validated),https://arbimon.rfcx.org/legacy-api/project/tricolored-blackbird-breeding-phenology/recordings/download/147395702,0.2029664175153344,48462
594178295,CRam-2023-06-28_21-00.WAV,2023 Creed Rd,2023,6,28,22,0,Agelaius tricolor,Alternative Song,35.168,36.36266666666667,2625,7218.75,24000,(not validated),https://arbimon.rfcx.org/legacy-api/project/tricolored-blackbird-breeding-phenology/recordings/download/147395739,0.2360663070568635,48462
594178296,CRam-2023-06-28_05-20.WAV,2023 Creed Rd,2023,6,28,6,20,Agelaius tricolor,Alternative Song,31.696,32.89066666666667,2625,7218.75,24000,(not validated),https://arbimon.rfcx.org/legacy-api/project/tricolored-blackbird-breeding-phenology/recordings/download/147395798,0.2049243523707002,48462
594178297,CRam-2023-06-27_22-00.WAV,2023 Creed Rd,2023,6,27,23,0,Agelaius tricolor,Alternative Song,3.008,4.2026666666666666,2625,7218.75,24000,(not validated),https://arbimon.rfcx.org/legacy-api/project/tricolored-blackbird-breeding-phenology/recordings/download/147395852,0.20720903504053884,48462
594178298,CRam-2023-06-27_20-20.WAV,2023 Creed Rd,2023,6,27,21,20,Agelaius tricolor,Alternative Song,12.346666666666666,13.541333333333334,2625,7218.75,24000,(not validated),https://arbimon.rfcx.org/legacy-api/project/tricolored-blackbird-breeding-phenology/recordings/download/147395861,0.20599104293640627,48462
594178299,CRam-2023-06-28_22-00.WAV,2023 Creed Rd,2023,6,28,23,0,Agelaius tricolor,Alternative Song,44.976,46.17066666666667,2625,7218.75,24000,(not validated),https://arbimon.rfcx.org/legacy-api/project/tricolored-blackbird-breeding-phenology/recordings/download/147395886,0.23214550059779834,48462
594178300,CRam-2023-06-27_22-40.WAV,2023 Creed Rd,2023,6,27,23,40,Agelaius tricolor,Alternative Song,35.845333333333336,37.04,2625,7218.75,24000,(not validated),https://arbimon.rfcx.org/legacy-api/project/tricolored-blackbird-breeding-phenology/recordings/download/147395890,0.2007777921413914,48462
594178301,CRam-2023-06-26_23-20.WAV,2023 Creed Rd,2023,6,27,0,20,Agelaius tricolor,Alternative Song,11.797333333333333,12.992,2625,7218.75,24000,(not validated),https://arbimon.rfcx.org/legacy-api/project/tricolored-blackbird-breeding-phenology/recordings/download/147395935,0.22679233478569713,48462
594178302,CRam-2023-06-26_20-00.WAV,2023 Creed Rd,2023,6,26,21,0,Agelaius tricolor,Alternative Song,3.8506666666666667,5.045333333333334,2625,7218.75,24000,(not validated),https://arbimon.rfcx.org/legacy-api/project/tricolored-blackbird-breeding-phenology/recordings/download/147395942,0.21128635648813832,48462
594178303,CRam-2023-06-27_05-00.WAV,2023 Creed Rd,2023,6,27,6,0,Agelaius tricolor,Alternative Song,16.906666666666666,18.101333333333333,2625,7218.75,24000,(not validated),https://arbimon.rfcx.org/legacy-api/project/tricolored-blackbird-breeding-phenology/recordings/download/147395959,0.21040589328224843,48462
594178304,CRam-2023-06-03_03-20.WAV,2023 Creed Rd,2023,6,3,4,20,Agelaius tricolor,Alternative Song,35.776,36.970666666666666,2625,7218.75,24000,(not validated),https://arbimon.rfcx.org/legacy-api/project/tricolored-blackbird-breeding-phenology/recordings/download/147401272,0.2172843086469978,48462
594178305,CRam-2023-06-02_05-00.WAV,2023 Creed Rd,2023,6,2,6,0,Agelaius tricolor,Alternative Song,33.952,35.14666666666667,2625,7218.75,24000,(not validated),https://arbimon.rfcx.org/legacy-api/project/tricolored-blackbird-breeding-phenology/recordings/download/147401306,0.20662251569519072,48462
594178306,CRam-2023-06-02_05-20.WAV,2023 Creed Rd,2023,6,2,6,20,Agelaius tricolor,Alternative Song,12.746666666666666,13.941333333333333,2625,7218.75,24000,(not validated),https://arbimon.rfcx.org/legacy-api/project/tricolored-blackbird-breeding-phenology/recordings/download/147401311,0.20490075870188487,48462
594178307,CRam-2023-06-02_00-00.WAV,2023 Creed Rd,2023,6,2,1,0,Agelaius tricolor,Alternative Song,30.469333333333335,31.664,2625,7218.75,24000,(not validated),https://arbimon.rfcx.org/legacy-api/project/tricolored-blackbird-breeding-phenology/recordings/download/147401364,0.20953935890505018,48462
594178308,CRam-2023-06-01_01-40.WAV,2023 Creed Rd,2023,6,1,2,40,Agelaius tricolor,Alternative Song,45.77066666666666,46.965333333333334,2625,7218.75,24000,(not validated),https://arbimon.rfcx.org/legacy-api/project/tricolored-blackbird-breeding-phenology/recordings/download/147401459,0.21160570869318354,48462
594178309,CRam-2023-06-01_03-40.WAV,2023 Creed Rd,2023,6,1,4,40,Agelaius tricolor,Alternative Song,40.117333333333335,41.312,2625,7218.75,24000,(not validated),https://arbimon.rfcx.org/legacy-api/project/tricolored-blackbird-breeding-phenology/recordings/download/147401492,0.20634319772422044,48462
594178310,CRam-2023-05-31_21-20.WAV,2023 Creed Rd,2023,5,31,22,20,Agelaius tricolor,Alternative Song,40.93866666666667,42.13333333333333,2625,7218.75,24000,(not validated),https://arbimon.rfcx.org/legacy-api/project/tricolored-blackbird-breeding-phenology/recordings/download/147401572,0.20411205323548084,48462
594178311,CRam-2023-06-01_06-00.WAV,2023 Creed Rd,2023,6,1,7,0,Agelaius tricolor,Alternative Song,45.754666666666665,46.949333333333335,2625,7218.75,24000,(not validated),https://arbimon.rfcx.org/legacy-api/project/tricolored-blackbird-breeding-phenology/recordings/download/147401584,0.23916526633251842,48462
594178312,CRam-2023-05-30_19-00.WAV,2023 Creed Rd,2023,5,30,20,0,Agelaius tricolor,Alternative Song,23.936,25.130666666666666,2625,7218.75,24000,(not validated),https://arbimon.rfcx.org/legacy-api/project/tricolored-blackbird-breeding-phenology/recordings/download/147401624,0.21295021071550058,48462
594178313,CRam-2023-05-30_19-40.WAV,2023 Creed Rd,2023,5,30,20,40,Agelaius tricolor,Alternative Song,29.701333333333334,30.896,2625,7218.75,24000,(not validated),https://arbimon.rfcx.org/legacy-api/project/tricolored-blackbird-breeding-phenology/recordings/download/147401648,0.23310158158148994,48462
594178314,CRam-2023-04-09_16-40.WAV,2023 Creed Rd,2023,4,9,17,40,Agelaius tricolor,Alternative Song,42.272,43.46666666666667,2625,7218.75,24000,(not validated),https://arbimon.rfcx.org/legacy-api/project/tricolored-blackbird-breeding-phenology/recordings/download/147411665,0.2180817017559655,48462
594178315,CRam-2023-04-07_12-00.WAV,2023 Creed Rd,2023,4,7,13,0,Agelaius tricolor,Alternative Song,9.6,10.794666666666666,2625,7218.75,24000,(not validated),https://arbimon.rfcx.org/legacy-api/project/tricolored-blackbird-breeding-phenology/recordings/download/147411826,0.20872012850401583,48462
594178316,CRam-2023-04-05_09-20.WAV,2023 Creed Rd,2023,4,5,10,20,Agelaius tricolor,Alternative Song,49.38666666666666,50.58133333333333,2625,7218.75,24000,(not validated),https://arbimon.rfcx.org/legacy-api/project/tricolored-blackbird-breeding-phenology/recordings/download/147412041,0.20163449966365823,48462
594178317,CRam-2023-05-02_08-20.WAV,2023 Creed Rd,2023,5,2,9,20,Agelaius tricolor,Alternative Song,5.472,6.666666666666667,2625,7218.75,24000,(not validated),https://arbimon.rfcx.org/legacy-api/project/tricolored-blackbird-breeding-phenology/recordings/download/147405501,0.2060570607488214,48462
594178318,CRam-2023-05-02_19-40.WAV,2023 Creed Rd,2023,5,2,20,40,Agelaius tricolor,Alternative Song,38.72533333333333,39.92,2625,7218.75,24000,(not validated),https://arbimon.rfcx.org/legacy-api/project/tricolored-blackbird-breeding-phenology/recordings/download/147405519,0.22003348774207893,48462
594178319,CRam-2023-05-02_20-00.WAV,2023 Creed Rd,2023,5,2,21,0,Agelaius tricolor,Alternative Song,4.917333333333334,6.112,2625,7218.75,24000,(not validated),https://arbimon.rfcx.org/legacy-api/project/tricolored-blackbird-breeding-phenology/recordings/download/147405526,0.20778997656446294,48462
594178320,CRam-2023-05-01_18-20.WAV,2023 Creed Rd,2023,5,1,19,20,Agelaius tricolor,Alternative Song,49.088,50.282666666666664,2625,7218.75,24000,(not validated),https://arbimon.rfcx.org/legacy-api/project/tricolored-blackbird-breeding-phenology/recordings/download/147405530,0.20880613357792488,48462
594178321,CRam-2023-05-02_17-40.WAV,2023 Creed Rd,2023,5,2,18,40,Agelaius tricolor,Alternative Song,15.866666666666667,17.061333333333334,2625,7218.75,24000,(not validated),https://arbimon.rfcx.org/legacy-api/project/tricolored-blackbird-breeding-phenology/recordings/download/147405531,0.21472604592726674,48462
594178322,CRam-2023-05-02_18-00.WAV,2023 Creed Rd,2023,5,2,19,0,Agelaius tricolor,Alternative Song,25.024,26.218666666666667,2625,7218.75,24000,(not validated),https://arbimon.rfcx.org/legacy-api/project/tricolored-blackbird-breeding-phenology/recordings/download/147405532,0.2116748884390228,48462
594178323,CRam-2023-05-01_17-40.WAV,2023 Creed Rd,2023,5,1,18,40,Agelaius tricolor,Alternative Song,54.93333333333333,56.128,2625,7218.75,24000,(not validated),https://arbimon.rfcx.org/legacy-api/project/tricolored-blackbird-breeding-phenology/recordings/download/147405533,0.21676086205217263,48462
594178324,CRam-2023-05-01_16-40.WAV,2023 Creed Rd,2023,5,1,17,40,Agelaius tricolor,Alternative Song,37.984,39.178666666666665,2625,7218.75,24000,(not validated),https://arbimon.rfcx.org/legacy-api/project/tricolored-blackbird-breeding-phenology/recordings/download/147405535,0.2589067218559603,48462
594178325,CRam-2023-05-02_17-20.WAV,2023 Creed Rd,2023,5,2,18,20,Agelaius tricolor,Alternative Song,1.632,2.8266666666666667,2625,7218.75,24000,(not validated),https://arbimon.rfcx.org/legacy-api/project/tricolored-blackbird-breeding-phenology/recordings/download/147405536,0.23824351439311142,48462
594178326,CRam-2023-05-03_06-20.WAV,2023 Creed Rd,2023,5,3,7,20,Agelaius tricolor,Alternative Song,3.466666666666667,4.661333333333333,2625,7218.75,24000,(not validated),https://arbimon.rfcx.org/legacy-api/project/tricolored-blackbird-breeding-phenology/recordings/download/147405573,0.20037911780816675,48462
594178327,CRam-2023-05-03_06-00.WAV,2023 Creed Rd,2023,5,3,7,0,Agelaius tricolor,Alternative Song,24.453333333333333,25.648,2625,7218.75,24000,(not validated),https://arbimon.rfcx.org/legacy-api/project/tricolored-blackbird-breeding-phenology/recordings/download/147405576,0.2468214225770521,48462
594178328,CRam-2023-05-03_20-00.WAV,2023 Creed Rd,2023,5,3,21,0,Agelaius tricolor,Alternative Song,49.80266666666667,50.99733333333333,2625,7218.75,24000,(not validated),https://arbimon.rfcx.org/legacy-api/project/tricolored-blackbird-breeding-phenology/recordings/download/147405586,0.2955799522654135,48462
594178329,CRam-2023-05-01_19-40.WAV,2023 Creed Rd,2023,5,1,20,40,Agelaius tricolor,Alternative Song,19.856,21.050666666666668,2625,7218.75,24000,(not validated),https://arbimon.rfcx.org/legacy-api/project/tricolored-blackbird-breeding-phenology/recordings/download/147405596,0.23044967055431512,48462
594178330,CRam-2023-05-02_11-20.WAV,2023 Creed Rd,2023,5,2,12,20,Agelaius tricolor,Alternative Song,52.032,53.22666666666667,2625,7218.75,24000,(not validated),https://arbimon.rfcx.org/legacy-api/project/tricolored-blackbird-breeding-phenology/recordings/download/147405612,0.23320000008514902,48462
594178331,CRam-2023-05-02_18-40.WAV,2023 Creed Rd,2023,5,2,19,40,Agelaius tricolor,Alternative Song,42.304,43.498666666666665,2625,7218.75,24000,(not validated),https://arbimon.rfcx.org/legacy-api/project/tricolored-blackbird-breeding-phenology/recordings/download/147405643,0.25231084691831945,48462
594178332,CRam-2023-05-01_05-40.WAV,2023 Creed Rd,2023,5,1,6,40,Agelaius tricolor,Alternative Song,9.141333333333334,10.336,2625,7218.75,24000,(not validated),https://arbimon.rfcx.org/legacy-api/project/tricolored-blackbird-breeding-phenology/recordings/download/147405652,0.28475366328771634,48462
594178333,CRam-2023-05-02_10-00.WAV,2023 Creed Rd,2023,5,2,11,0,Agelaius tricolor,Alternative Song,17.610666666666667,18.805333333333333,2625,7218.75,24000,(not validated),https://arbimon.rfcx.org/legacy-api/project/tricolored-blackbird-breeding-phenology/recordings/download/147405676,0.24734352337666865,48462
594178334,CRam-2023-05-03_10-00.WAV,2023 Creed Rd,2023,5,3,11,0,Agelaius tricolor,Alternative Song,42.80533333333333,44,2625,7218.75,24000,(not validated),https://arbimon.rfcx.org/legacy-api/project/tricolored-blackbird-breeding-phenology/recordings/download/147405688,0.20822253627027437,48462
594178335,CRam-2023-05-01_20-00.WAV,2023 Creed Rd,2023,5,1,21,0,Agelaius tricolor,Alternative Song,18.16,19.354666666666667,2625,7218.75,24000,(not validated),https://arbimon.rfcx.org/legacy-api/project/tricolored-blackbird-breeding-phenology/recordings/download/147405694,0.20300009052631623,48462
594178336,CRam-2023-05-03_09-20.WAV,2023 Creed Rd,2023,5,3,10,20,Agelaius tricolor,Alternative Song,42.81066666666667,44.00533333333333,2625,7218.75,24000,(not validated),https://arbimon.rfcx.org/legacy-api/project/tricolored-blackbird-breeding-phenology/recordings/download/147405696,0.21284842939814902,48462
594178337,CRam-2023-05-01_15-20.WAV,2023 Creed Rd,2023,5,1,16,20,Agelaius tricolor,Alternative Song,47.669333333333334,48.864,2625,7218.75,24000,(not validated),https://arbimon.rfcx.org/legacy-api/project/tricolored-blackbird-breeding-phenology/recordings/download/147405702,0.2022670944757782,48462
594178338,CRam-2023-05-01_01-00.WAV,2023 Creed Rd,2023,5,1,2,0,Agelaius tricolor,Alternative Song,51.38133333333333,52.576,2625,7218.75,24000,(not validated),https://arbimon.rfcx.org/legacy-api/project/tricolored-blackbird-breeding-phenology/recordings/download/147405841,0.2191201485725173,48462
594178339,CRam-2023-05-01_10-40.WAV,2023 Creed Rd,2023,5,1,11,40,Agelaius tricolor,Alternative Song,13.776,14.970666666666666,2625,7218.75,24000,(not validated),https://arbimon.rfcx.org/legacy-api/project/tricolored-blackbird-breeding-phenology/recordings/download/147405871,0.250843003944278,48462
594178340,CRam-2023-05-01_06-20.WAV,2023 Creed Rd,2023,5,1,7,20,Agelaius tricolor,Alternative Song,36.544,37.73866666666667,2625,7218.75,24000,(not validated),https://arbimon.rfcx.org/legacy-api/project/tricolored-blackbird-breeding-phenology/recordings/download/147405883,0.2278064946424845,48462
594178341,CRam-2023-05-01_13-40.WAV,2023 Creed Rd,2023,5,1,14,40,Agelaius tricolor,Alternative Song,12.330666666666668,13.525333333333334,2625,7218.75,24000,(not validated),https://arbimon.rfcx.org/legacy-api/project/tricolored-blackbird-breeding-phenology/recordings/download/147405888,0.2283247325213768,48462
594178342,CRam-2023-04-29_19-20.WAV,2023 Creed Rd,2023,4,29,20,20,Agelaius tricolor,Alternative Song,16.336,17.530666666666665,2625,7218.75,24000,(not validated),https://arbimon.rfcx.org/legacy-api/project/tricolored-blackbird-breeding-phenology/recordings/download/147405912,0.2266767694295636,48462
594178343,CRam-2023-05-01_05-00.WAV,2023 Creed Rd,2023,5,1,6,0,Agelaius tricolor,Alternative Song,23.92,25.11466666666667,2625,7218.75,24000,(not validated),https://arbimon.rfcx.org/legacy-api/project/tricolored-blackbird-breeding-phenology/recordings/download/147405922,0.2011409380877316,48462
594178344,CRam-2023-05-01_03-40.WAV,2023 Creed Rd,2023,5,1,4,40,Agelaius tricolor,Alternative Song,39.06133333333333,40.256,2625,7218.75,24000,(not validated),https://arbimon.rfcx.org/legacy-api/project/tricolored-blackbird-breeding-phenology/recordings/download/147405923,0.2130249746358973,48462
594178345,CRam-2023-04-29_16-20.WAV,2023 Creed Rd,2023,4,29,17,20,Agelaius tricolor,Alternative Song,55.461333333333336,56.656,2625,7218.75,24000,(not validated),https://arbimon.rfcx.org/legacy-api/project/tricolored-blackbird-breeding-phenology/recordings/download/147405937,0.2416361383704689,48462
594178346,CRam-2023-04-30_05-40.WAV,2023 Creed Rd,2023,4,30,6,40,Agelaius tricolor,Alternative Song,56.912,58.10666666666667,2625,7218.75,24000,(not validated),https://arbimon.rfcx.org/legacy-api/project/tricolored-blackbird-breeding-phenology/recordings/download/147405980,0.33758107082569594,48462
594178347,CRam-2023-04-29_14-00.WAV,2023 Creed Rd,2023,4,29,15,0,Agelaius tricolor,Alternative Song,41.52,42.714666666666666,2625,7218.75,24000,(not validated),https://arbimon.rfcx.org/legacy-api/project/tricolored-blackbird-breeding-phenology/recordings/download/147405984,0.21430607463789514,48462
594178348,CRam-2023-04-30_13-20.WAV,2023 Creed Rd,2023,4,30,14,20,Agelaius tricolor,Alternative Song,55.00266666666667,56.19733333333333,2625,7218.75,24000,(not validated),https://arbimon.rfcx.org/legacy-api/project/tricolored-blackbird-breeding-phenology/recordings/download/147406014,0.2059157679895622,48462
594178349,CRam-2023-04-30_19-20.WAV,2023 Creed Rd,2023,4,30,20,20,Agelaius tricolor,Alternative Song,1.392,2.5866666666666664,2625,7218.75,24000,(not validated),https://arbimon.rfcx.org/legacy-api/project/tricolored-blackbird-breeding-phenology/recordings/download/147406019,0.21298892308176323,48462
594178350,CRam-2023-04-29_05-40.WAV,2023 Creed Rd,2023,4,29,6,40,Agelaius tricolor,Alternative Song,10.32,11.514666666666667,2625,7218.75,24000,(not validated),https://arbimon.rfcx.org/legacy-api/project/tricolored-blackbird-breeding-phenology/recordings/download/147406041,0.3186470037134862,48462
594178351,CRam-2023-04-30_09-20.WAV,2023 Creed Rd,2023,4,30,10,20,Agelaius tricolor,Alternative Song,53.552,54.74666666666667,2625,7218.75,24000,(not validated),https://arbimon.rfcx.org/legacy-api/project/tricolored-blackbird-breeding-phenology/recordings/download/147406051,0.2290257892545963,48462
594178352,CRam-2023-04-30_08-20.WAV,2023 Creed Rd,2023,4,30,9,20,Agelaius tricolor,Alternative Song,25.082666666666668,26.277333333333335,2625,7218.75,24000,(not validated),https://arbimon.rfcx.org/legacy-api/project/tricolored-blackbird-breeding-phenology/recordings/download/147406053,0.20526519431402201,48462
594178353,CRam-2023-04-29_19-00.WAV,2023 Creed Rd,2023,4,29,20,0,Agelaius tricolor,Alternative Song,41.973333333333336,43.168,2625,7218.75,24000,(not validated),https://arbimon.rfcx.org/legacy-api/project/tricolored-blackbird-breeding-phenology/recordings/download/147406059,0.20423477425039374,48462
594178354,CRam-2023-03-18_17-00.WAV,2023 Creed Rd,2023,3,18,18,0,Agelaius tricolor,Alternative Song,30.661333333333335,31.856,2625,7218.75,24000,(not validated),https://arbimon.rfcx.org/legacy-api/project/tricolored-blackbird-breeding-phenology/recordings/download/147414233,0.22022499990679714,48462
594178355,CRam-2023-03-18_16-00.WAV,2023 Creed Rd,2023,3,18,17,0,Agelaius tricolor,Alternative Song,2.469333333333333,3.664,2625,7218.75,24000,(not validated),https://arbimon.rfcx.org/legacy-api/project/tricolored-blackbird-breeding-phenology/recordings/download/147414239,0.20177350211220182,48462
594178356,CRam-2023-03-18_13-00.WAV,2023 Creed Rd,2023,3,18,14,0,Agelaius tricolor,Alternative Song,9.344,10.538666666666666,2625,7218.75,24000,(not validated),https://arbimon.rfcx.org/legacy-api/project/tricolored-blackbird-breeding-phenology/recordings/download/147414258,0.21608926805722992,48462
594178357,CRam-2023-03-18_10-40.WAV,2023 Creed Rd,2023,3,18,11,40,Agelaius tricolor,Alternative Song,12.704,13.898666666666667,2625,7218.75,24000,(not validated),https://arbimon.rfcx.org/legacy-api/project/tricolored-blackbird-breeding-phenology/recordings/download/147414270,0.22215904682932042,48462
594178358,CRam-2023-03-17_17-00.WAV,2023 Creed Rd,2023,3,17,18,0,Agelaius tricolor,Alternative Song,44.864,46.05866666666667,2625,7218.75,24000,(not validated),https://arbimon.rfcx.org/legacy-api/project/tricolored-blackbird-breeding-phenology/recordings/download/147414363,0.20197844481849106,48462
594178359,CRam-2023-03-17_16-40.WAV,2023 Creed Rd,2023,3,17,17,40,Agelaius tricolor,Alternative Song,30.645333333333333,31.84,2625,7218.75,24000,(not validated),https://arbimon.rfcx.org/legacy-api/project/tricolored-blackbird-breeding-phenology/recordings/download/147414364,0.21837122396016578,48462
594178360,CRam-2023-03-17_16-20.WAV,2023 Creed Rd,2023,3,17,17,20,Agelaius tricolor,Alternative Song,58.08,59.27466666666667,2625,7218.75,24000,(not validated),https://arbimon.rfcx.org/legacy-api/project/tricolored-blackbird-breeding-phenology/recordings/download/147414368,0.31195832202297163,48462
594178361,CRam-2023-03-17_07-20.WAV,2023 Creed Rd,2023,3,17,8,20,Agelaius tricolor,Alternative Song,57.728,58.922666666666665,2625,7218.75,24000,(not validated),https://arbimon.rfcx.org/legacy-api/project/tricolored-blackbird-breeding-phenology/recordings/download/147414409,0.21688491222183068,48462
594178362,CRam-2023-03-17_06-20.WAV,2023 Creed Rd,2023,3,17,7,20,Agelaius tricolor,Alternative Song,15.626666666666667,16.82133333333333,2625,7218.75,24000,(not validated),https://arbimon.rfcx.org/legacy-api/project/tricolored-blackbird-breeding-phenology/recordings/download/147414410,0.2052136029677944,48462
594178363,CRam-2023-03-16_17-20.WAV,2023 Creed Rd,2023,3,16,18,20,Agelaius tricolor,Alternative Song,38.23466666666667,39.42933333333333,2625,7218.75,24000,(not validated),https://arbimon.rfcx.org/legacy-api/project/tricolored-blackbird-breeding-phenology/recordings/download/147414480,0.2289383622550499,48462
594178364,CRam-2023-03-16_17-00.WAV,2023 Creed Rd,2023,3,16,18,0,Agelaius tricolor,Alternative Song,38.144,39.33866666666667,2625,7218.75,24000,(not validated),https://arbimon.rfcx.org/legacy-api/project/tricolored-blackbird-breeding-phenology/recordings/download/147414481,0.22879148432335847,48462
594178365,CRam-2023-03-16_16-00.WAV,2023 Creed Rd,2023,3,16,17,0,Agelaius tricolor,Alternative Song,1.904,3.0986666666666665,2625,7218.75,24000,(not validated),https://arbimon.rfcx.org/legacy-api/project/tricolored-blackbird-breeding-phenology/recordings/download/147414485,0.2090566108487997,48462
594178366,CRam-2023-03-16_12-40.WAV,2023 Creed Rd,2023,3,16,13,40,Agelaius tricolor,Alternative Song,31.541333333333334,32.736,2625,7218.75,24000,(not validated),https://arbimon.rfcx.org/legacy-api/project/tricolored-blackbird-breeding-phenology/recordings/download/147414502,0.2004085498485284,48462
594178367,CRam-2023-03-16_08-20.WAV,2023 Creed Rd,2023,3,16,9,20,Agelaius tricolor,Alternative Song,5.994666666666666,7.189333333333333,2625,7218.75,24000,(not validated),https://arbimon.rfcx.org/legacy-api/project/tricolored-blackbird-breeding-phenology/recordings/download/147414530,0.2423594284514769,48462
594178368,CRam-2023-03-16_08-00.WAV,2023 Creed Rd,2023,3,16,9,0,Agelaius tricolor,Alternative Song,10.698666666666666,11.893333333333333,2625,7218.75,24000,(not validated),https://arbimon.rfcx.org/legacy-api/project/tricolored-blackbird-breeding-phenology/recordings/download/147414531,0.2067879208042124,48462
594178369,CRam-2023-03-15_19-20.WAV,2023 Creed Rd,2023,3,15,20,20,Agelaius tricolor,Alternative Song,32.63466666666667,33.82933333333333,2625,7218.75,24000,(not validated),https://arbimon.rfcx.org/legacy-api/project/tricolored-blackbird-breeding-phenology/recordings/download/147414601,0.2371060116622866,48462
594178370,CRam-2023-03-15_18-00.WAV,2023 Creed Rd,2023,3,15,19,0,Agelaius tricolor,Alternative Song,15.824,17.018666666666668,2625,7218.75,24000,(not validated),https://arbimon.rfcx.org/legacy-api/project/tricolored-blackbird-breeding-phenology/recordings/download/147414605,0.20944719948351603,48462
594178371,CRam-2023-03-15_16-40.WAV,2023 Creed Rd,2023,3,15,17,40,Agelaius tricolor,Alternative Song,44.432,45.626666666666665,2625,7218.75,24000,(not validated),https://arbimon.rfcx.org/legacy-api/project/tricolored-blackbird-breeding-phenology/recordings/download/147414613,0.2457230992798185,48462
594178444,CRam-2023-03-25_19-00.WAV,2023 Creed Rd,2023,3,25,20,0,Agelaius tricolor,Alternative Song,34.86933333333333,36.064,2625,7218.75,24000,(not validated),https://arbimon.rfcx.org/legacy-api/project/tricolored-blackbird-breeding-phenology/recordings/download/147413327,0.22102860822373194,48462
594178445,CRam-2023-03-25_07-40.WAV,2023 Creed Rd,2023,3,25,8,40,Agelaius tricolor,Alternative Song,2.0533333333333332,3.248,2625,7218.75,24000,(not validated),https://arbimon.rfcx.org/legacy-api/project/tricolored-blackbird-breeding-phenology/recordings/download/147413384,0.22539053277034682,48462
594178446,CRam-2023-03-24_19-40.WAV,2023 Creed Rd,2023,3,24,20,40,Agelaius tricolor,Alternative Song,53.6,54.794666666666664,2625,7218.75,24000,(not validated),https://arbimon.rfcx.org/legacy-api/project/tricolored-blackbird-breeding-phenology/recordings/download/147413451,0.21007326829001116,48462
594178447,CRam-2023-03-24_16-00.WAV,2023 Creed Rd,2023,3,24,17,0,Agelaius tricolor,Alternative Song,32.63466666666667,33.82933333333333,2625,7218.75,24000,(not validated),https://arbimon.rfcx.org/legacy-api/project/tricolored-blackbird-breeding-phenology/recordings/download/147413454,0.20768145060341986,48462
594178448,CRam-2023-03-24_15-40.WAV,2023 Creed Rd,2023,3,24,16,40,Agelaius tricolor,Alternative Song,43.584,44.778666666666666,2625,7218.75,24000,(not validated),https://arbimon.rfcx.org/legacy-api/project/tricolored-blackbird-breeding-phenology/recordings/download/147413470,0.22600431893620446,48462
594178449,CRam-2023-03-24_09-00.WAV,2023 Creed Rd,2023,3,24,10,0,Agelaius tricolor,Alternative Song,22.954666666666668,24.149333333333335,2625,7218.75,24000,(not validated),https://arbimon.rfcx.org/legacy-api/project/tricolored-blackbird-breeding-phenology/recordings/download/147413471,0.2108726595824854,48462
594178450,CRam-2023-03-24_08-00.WAV,2023 Creed Rd,2023,3,24,9,0,Agelaius tricolor,Alternative Song,17.386666666666667,18.581333333333333,2625,7218.75,24000,(not validated),https://arbimon.rfcx.org/legacy-api/project/tricolored-blackbird-breeding-phenology/recordings/download/147413494,0.24634528127864574,48462
594178451,CRam-2023-03-24_11-20.WAV,2023 Creed Rd,2023,3,24,12,20,Agelaius tricolor,Alternative Song,37.17333333333333,38.368,2625,7218.75,24000,(not validated),https://arbimon.rfcx.org/legacy-api/project/tricolored-blackbird-breeding-phenology/recordings/download/147413500,0.23904672891703535,48462
594178452,CRam-2023-03-24_09-20.WAV,2023 Creed Rd,2023,3,24,10,20,Agelaius tricolor,Alternative Song,27.930666666666667,29.125333333333334,2625,7218.75,24000,(not validated),https://arbimon.rfcx.org/legacy-api/project/tricolored-blackbird-breeding-phenology/recordings/download/147413524,0.2211417945875898,48462
594178453,CRam-2023-03-24_08-40.WAV,2023 Creed Rd,2023,3,24,9,40,Agelaius tricolor,Alternative Song,50.736,51.93066666666667,2625,7218.75,24000,(not validated),https://arbimon.rfcx.org/legacy-api/project/tricolored-blackbird-breeding-phenology/recordings/download/147413532,0.21669076556314007,48462
594178454,CRam-2023-05-09_20-20.WAV,2023 Creed Rd,2023,5,9,21,20,Agelaius tricolor,Alternative Song,15.114666666666666,16.309333333333335,2625,7218.75,24000,(not validated),https://arbimon.rfcx.org/legacy-api/project/tricolored-blackbird-breeding-phenology/recordings/download/147404450,0.20792456294768757,48462
594178455,CRam-2023-05-09_18-00.WAV,2023 Creed Rd,2023,5,9,19,0,Agelaius tricolor,Alternative Song,5.189333333333333,6.384,2625,7218.75,24000,(not validated),https://arbimon.rfcx.org/legacy-api/project/tricolored-blackbird-breeding-phenology/recordings/download/147404459,0.20940074871972705,48462
594178456,CRam-2023-05-09_05-40.WAV,2023 Creed Rd,2023,5,9,6,40,Agelaius tricolor,Alternative Song,4.890666666666666,6.085333333333334,2625,7218.75,24000,(not validated),https://arbimon.rfcx.org/legacy-api/project/tricolored-blackbird-breeding-phenology/recordings/download/147404560,0.3566890974275399,48462
594178457,CRam-2023-05-08_20-20.WAV,2023 Creed Rd,2023,5,8,21,20,Agelaius tricolor,Alternative Song,8.293333333333333,9.488,2625,7218.75,24000,(not validated),https://arbimon.rfcx.org/legacy-api/project/tricolored-blackbird-breeding-phenology/recordings/download/147404618,0.21838488100353465,48462
594178458,CRam-2023-05-08_20-00.WAV,2023 Creed Rd,2023,5,8,21,0,Agelaius tricolor,Alternative Song,50.864,52.05866666666667,2625,7218.75,24000,(not validated),https://arbimon.rfcx.org/legacy-api/project/tricolored-blackbird-breeding-phenology/recordings/download/147404632,0.2260404444067396,48462
594178459,CRam-2023-05-08_05-40.WAV,2023 Creed Rd,2023,5,8,6,40,Agelaius tricolor,Alternative Song,0.10666666666666667,1.3013333333333332,2625,7218.75,24000,(not validated),https://arbimon.rfcx.org/legacy-api/project/tricolored-blackbird-breeding-phenology/recordings/download/147404740,0.30452378336675173,48462
594178460,CRam-2023-05-07_20-20.WAV,2023 Creed Rd,2023,5,7,21,20,Agelaius tricolor,Alternative Song,3.2906666666666666,4.485333333333333,2625,7218.75,24000,(not validated),https://arbimon.rfcx.org/legacy-api/project/tricolored-blackbird-breeding-phenology/recordings/download/147404775,0.24030171638597972,48462
594178461,CRam-2023-05-07_20-00.WAV,2023 Creed Rd,2023,5,7,21,0,Agelaius tricolor,Alternative Song,40.85333333333333,42.048,2625,7218.75,24000,(not validated),https://arbimon.rfcx.org/legacy-api/project/tricolored-blackbird-breeding-phenology/recordings/download/147404778,0.3317793296462401,48462
594178462,CRam-2023-05-07_06-40.WAV,2023 Creed Rd,2023,5,7,7,40,Agelaius tricolor,Alternative Song,43.093333333333334,44.288,2625,7218.75,24000,(not validated),https://arbimon.rfcx.org/legacy-api/project/tricolored-blackbird-breeding-phenology/recordings/download/147404846,0.24117205397851996,48462
594178463,CRam-2023-05-07_05-20.WAV,2023 Creed Rd,2023,5,7,6,20,Agelaius tricolor,Alternative Song,4.986666666666666,6.181333333333333,2625,7218.75,24000,(not validated),https://arbimon.rfcx.org/legacy-api/project/tricolored-blackbird-breeding-phenology/recordings/download/147404850,0.3467514385620749,48462
594178464,CRam-2023-05-07_13-20.WAV,2023 Creed Rd,2023,5,7,14,20,Agelaius tricolor,Alternative Song,19.232,20.426666666666666,2625,7218.75,24000,(not validated),https://arbimon.rfcx.org/legacy-api/project/tricolored-blackbird-breeding-phenology/recordings/download/147404863,0.2122904270042987,48462
594178465,CRam-2023-05-07_05-40.WAV,2023 Creed Rd,2023,5,7,6,40,Agelaius tricolor,Alternative Song,53.088,54.282666666666664,2625,7218.75,24000,(not validated),https://arbimon.rfcx.org/legacy-api/project/tricolored-blackbird-breeding-phenology/recordings/download/147404892,0.3128267116154138,48462
594178466,CRam-2023-04-15_20-00.WAV,2023 Creed Rd,2023,4,15,21,0,Agelaius tricolor,Alternative Song,12.64,13.834666666666667,2625,7218.75,24000,(not validated),https://arbimon.rfcx.org/legacy-api/project/tricolored-blackbird-breeding-phenology/recordings/download/147409302,0.21549716182486628,48462
594178467,CRam-2023-04-15_06-00.WAV,2023 Creed Rd,2023,4,15,7,0,Agelaius tricolor,Alternative Song,49.216,50.410666666666664,2625,7218.75,24000,(not validated),https://arbimon.rfcx.org/legacy-api/project/tricolored-blackbird-breeding-phenology/recordings/download/147410052,0.2175333633357849,48462
594178468,CRam-2023-04-12_16-40.WAV,2023 Creed Rd,2023,4,12,17,40,Agelaius tricolor,Alternative Song,16.613333333333333,17.808,2625,7218.75,24000,(not validated),https://arbimon.rfcx.org/legacy-api/project/tricolored-blackbird-breeding-phenology/recordings/download/147410252,0.23056598657465707,48462
594178469,CRam-2023-04-26_07-40.WAV,2023 Creed Rd,2023,4,26,8,40,Agelaius tricolor,Alternative Song,5.072,6.266666666666667,2625,7218.75,24000,(not validated),https://arbimon.rfcx.org/legacy-api/project/tricolored-blackbird-breeding-phenology/recordings/download/147406628,0.21226544918326753,48462
594178470,CRam-2023-04-25_08-40.WAV,2023 Creed Rd,2023,4,25,9,40,Agelaius tricolor,Alternative Song,17.626666666666665,18.82133333333333,2625,7218.75,24000,(not validated),https://arbimon.rfcx.org/legacy-api/project/tricolored-blackbird-breeding-phenology/recordings/download/147406634,0.21483335666636608,48462
594178471,CRam-2023-04-25_08-20.WAV,2023 Creed Rd,2023,4,25,9,20,Agelaius tricolor,Alternative Song,36.714666666666666,37.909333333333336,2625,7218.75,24000,(not validated),https://arbimon.rfcx.org/legacy-api/project/tricolored-blackbird-breeding-phenology/recordings/download/147406642,0.22593000786852577,48462
594178472,CRam-2023-04-25_06-20.WAV,2023 Creed Rd,2023,4,25,7,20,Agelaius tricolor,Alternative Song,24.261333333333333,25.456,2625,7218.75,24000,(not validated),https://arbimon.rfcx.org/legacy-api/project/tricolored-blackbird-breeding-phenology/recordings/download/147406664,0.2067354310732003,48462
594178473,CRam-2023-04-26_07-20.WAV,2023 Creed Rd,2023,4,26,8,20,Agelaius tricolor,Alternative Song,23.829333333333334,25.024,2625,7218.75,24000,(not validated),https://arbimon.rfcx.org/legacy-api/project/tricolored-blackbird-breeding-phenology/recordings/download/147406666,0.27220352245107526,48462
594178474,CRam-2023-04-25_07-40.WAV,2023 Creed Rd,2023,4,25,8,40,Agelaius tricolor,Alternative Song,3.792,4.986666666666666,2625,7218.75,24000,(not validated),https://arbimon.rfcx.org/legacy-api/project/tricolored-blackbird-breeding-phenology/recordings/download/147406672,0.21733461726733186,48462
594178475,CRam-2023-04-25_06-00.WAV,2023 Creed Rd,2023,4,25,7,0,Agelaius tricolor,Alternative Song,4.96,6.1546666666666665,2625,7218.75,24000,(not validated),https://arbimon.rfcx.org/legacy-api/project/tricolored-blackbird-breeding-phenology/recordings/download/147406694,0.2597362647366791,48462
594178476,CRam-2023-04-24_10-20.WAV,2023 Creed Rd,2023,4,24,11,20,Agelaius tricolor,Alternative Song,35.221333333333334,36.416,2625,7218.75,24000,(not validated),https://arbimon.rfcx.org/legacy-api/project/tricolored-blackbird-breeding-phenology/recordings/download/147406748,0.22144763959856426,48462
594178477,CRam-2023-04-25_15-40.WAV,2023 Creed Rd,2023,4,25,16,40,Agelaius tricolor,Alternative Song,20.842666666666666,22.037333333333333,2625,7218.75,24000,(not validated),https://arbimon.rfcx.org/legacy-api/project/tricolored-blackbird-breeding-phenology/recordings/download/147406749,0.20017608237308546,48462
594178478,CRam-2023-04-24_07-20.WAV,2023 Creed Rd,2023,4,24,8,20,Agelaius tricolor,Alternative Song,39.64266666666666,40.83733333333333,2625,7218.75,24000,(not validated),https://arbimon.rfcx.org/legacy-api/project/tricolored-blackbird-breeding-phenology/recordings/download/147406750,0.2216170829094035,48462
594178479,CRam-2023-04-25_19-20.WAV,2023 Creed Rd,2023,4,25,20,20,Agelaius tricolor,Alternative Song,31.248,32.44266666666667,2625,7218.75,24000,(not validated),https://arbimon.rfcx.org/legacy-api/project/tricolored-blackbird-breeding-phenology/recordings/download/147406760,0.25541425119414285,48462
594178480,CRam-2023-04-24_05-40.WAV,2023 Creed Rd,2023,4,24,6,40,Agelaius tricolor,Alternative Song,52.778666666666666,53.973333333333336,2625,7218.75,24000,(not validated),https://arbimon.rfcx.org/legacy-api/project/tricolored-blackbird-breeding-phenology/recordings/download/147406767,0.2393941544248238,48462
594178481,CRam-2023-04-25_07-20.WAV,2023 Creed Rd,2023,4,25,8,20,Agelaius tricolor,Alternative Song,54.56,55.754666666666665,2625,7218.75,24000,(not validated),https://arbimon.rfcx.org/legacy-api/project/tricolored-blackbird-breeding-phenology/recordings/download/147406783,0.2247922131922601,48462
594178482,CRam-2023-04-25_05-40.WAV,2023 Creed Rd,2023,4,25,6,40,Agelaius tricolor,Alternative Song,45.349333333333334,46.544,2625,7218.75,24000,(not validated),https://arbimon.rfcx.org/legacy-api/project/tricolored-blackbird-breeding-phenology/recordings/download/147406807,0.34034803649289647,48462
594178483,CRam-2023-04-23_18-20.WAV,2023 Creed Rd,2023,4,23,19,20,Agelaius tricolor,Alternative Song,19.296,20.490666666666666,2625,7218.75,24000,(not validated),https://arbimon.rfcx.org/legacy-api/project/tricolored-blackbird-breeding-phenology/recordings/download/147406817,0.22144736119909336,48462
594178484,CRam-2023-04-25_04-40.WAV,2023 Creed Rd,2023,4,25,5,40,Agelaius tricolor,Alternative Song,31.856,33.050666666666665,2625,7218.75,24000,(not validated),https://arbimon.rfcx.org/legacy-api/project/tricolored-blackbird-breeding-phenology/recordings/download/147406820,0.247196048606363,48462
594178485,CRam-2023-04-24_06-00.WAV,2023 Creed Rd,2023,4,24,7,0,Agelaius tricolor,Alternative Song,5.754666666666667,6.949333333333334,2625,7218.75,24000,(not validated),https://arbimon.rfcx.org/legacy-api/project/tricolored-blackbird-breeding-phenology/recordings/download/147406837,0.2146007070682637,48462
594178486,CRam-2023-04-23_13-20.WAV,2023 Creed Rd,2023,4,23,14,20,Agelaius tricolor,Alternative Song,47.91466666666667,49.10933333333333,2625,7218.75,24000,(not validated),https://arbimon.rfcx.org/legacy-api/project/tricolored-blackbird-breeding-phenology/recordings/download/147406857,0.21541301815469324,48462
594178487,CRam-2023-04-23_09-40.WAV,2023 Creed Rd,2023,4,23,10,40,Agelaius tricolor,Alternative Song,44.976,46.17066666666667,2625,7218.75,24000,(not validated),https://arbimon.rfcx.org/legacy-api/project/tricolored-blackbird-breeding-phenology/recordings/download/147406926,0.21871157669374053,48462
594178488,CRam-2023-04-24_09-20.WAV,2023 Creed Rd,2023,4,24,10,20,Agelaius tricolor,Alternative Song,24.096,25.290666666666667,2625,7218.75,24000,(not validated),https://arbimon.rfcx.org/legacy-api/project/tricolored-blackbird-breeding-phenology/recordings/download/147406944,0.22011304031720605,48462
594178489,CRam-2023-04-23_08-20.WAV,2023 Creed Rd,2023,4,23,9,20,Agelaius tricolor,Alternative Song,26.074666666666666,27.269333333333332,2625,7218.75,24000,(not validated),https://arbimon.rfcx.org/legacy-api/project/tricolored-blackbird-breeding-phenology/recordings/download/147406955,0.21372230921517996,48462
594178490,CRam-2023-04-24_07-00.WAV,2023 Creed Rd,2023,4,24,8,0,Agelaius tricolor,Alternative Song,55.733333333333334,56.928,2625,7218.75,24000,(not validated),https://arbimon.rfcx.org/legacy-api/project/tricolored-blackbird-breeding-phenology/recordings/download/147406958,0.20499171392450574,48462
594178491,CRam-2023-04-23_07-20.WAV,2023 Creed Rd,2023,4,23,8,20,Agelaius tricolor,Alternative Song,39.97866666666667,41.17333333333333,2625,7218.75,24000,(not validated),https://arbimon.rfcx.org/legacy-api/project/tricolored-blackbird-breeding-phenology/recordings/download/147406976,0.2301890435573742,48462
594178492,CRam-2023-04-23_06-00.WAV,2023 Creed Rd,2023,4,23,7,0,Agelaius tricolor,Alternative Song,58.37866666666667,59.57333333333333,2625,7218.75,24000,(not validated),https://arbimon.rfcx.org/legacy-api/project/tricolored-blackbird-breeding-phenology/recordings/download/147406987,0.22795150735710834,48462
594178493,CRam-2023-04-22_19-00.WAV,2023 Creed Rd,2023,4,22,20,0,Agelaius tricolor,Alternative Song,34.64533333333333,35.84,2625,7218.75,24000,(not validated),https://arbimon.rfcx.org/legacy-api/project/tricolored-blackbird-breeding-phenology/recordings/download/147406992,0.22495005978649749,48462
594178494,CRam-2023-04-22_12-40.WAV,2023 Creed Rd,2023,4,22,13,40,Agelaius tricolor,Alternative Song,47.16266666666667,48.35733333333334,2625,7218.75,24000,(not validated),https://arbimon.rfcx.org/legacy-api/project/tricolored-blackbird-breeding-phenology/recordings/download/147407007,0.2103570537409894,48462
594178495,CRam-2023-04-23_20-00.WAV,2023 Creed Rd,2023,4,23,21,0,Agelaius tricolor,Alternative Song,53.285333333333334,54.48,2625,7218.75,24000,(not validated),https://arbimon.rfcx.org/legacy-api/project/tricolored-blackbird-breeding-phenology/recordings/download/147407057,0.2016736341028922,48462
594178496,CRam-2023-04-22_18-20.WAV,2023 Creed Rd,2023,4,22,19,20,Agelaius tricolor,Alternative Song,52.25066666666667,53.44533333333333,2625,7218.75,24000,(not validated),https://arbimon.rfcx.org/legacy-api/project/tricolored-blackbird-breeding-phenology/recordings/download/147407064,0.21343412303463702,48462
594178497,CRam-2023-04-23_19-20.WAV,2023 Creed Rd,2023,4,23,20,20,Agelaius tricolor,Alternative Song,34.93866666666667,36.13333333333333,2625,7218.75,24000,(not validated),https://arbimon.rfcx.org/legacy-api/project/tricolored-blackbird-breeding-phenology/recordings/download/147407080,0.2061805331596461,48462
594178498,CRam-2023-04-24_07-40.WAV,2023 Creed Rd,2023,4,24,8,40,Agelaius tricolor,Alternative Song,34.688,35.882666666666665,2625,7218.75,24000,(not validated),https://arbimon.rfcx.org/legacy-api/project/tricolored-blackbird-breeding-phenology/recordings/download/147407082,0.21518700092575926,48462
594178499,CRam-2023-04-24_06-40.WAV,2023 Creed Rd,2023,4,24,7,40,Agelaius tricolor,Alternative Song,17.173333333333332,18.368,2625,7218.75,24000,(not validated),https://arbimon.rfcx.org/legacy-api/project/tricolored-blackbird-breeding-phenology/recordings/download/147407089,0.20622442229308754,48462
594178500,CRam-2023-04-24_04-40.WAV,2023 Creed Rd,2023,4,24,5,40,Agelaius tricolor,Alternative Song,2.7893333333333334,3.984,2625,7218.75,24000,(not validated),https://arbimon.rfcx.org/legacy-api/project/tricolored-blackbird-breeding-phenology/recordings/download/147407109,0.22491511683631474,48462
594178501,CRam-2023-04-22_06-40.WAV,2023 Creed Rd,2023,4,22,7,40,Agelaius tricolor,Alternative Song,0.9066666666666666,2.1013333333333333,2625,7218.75,24000,(not validated),https://arbimon.rfcx.org/legacy-api/project/tricolored-blackbird-breeding-phenology/recordings/download/147407119,0.22370714527623345,48462
594178502,CRam-2023-04-22_06-00.WAV,2023 Creed Rd,2023,4,22,7,0,Agelaius tricolor,Alternative Song,15.418666666666667,16.613333333333333,2625,7218.75,24000,(not validated),https://arbimon.rfcx.org/legacy-api/project/tricolored-blackbird-breeding-phenology/recordings/download/147407124,0.23602321391787967,48462
594178503,CRam-2023-05-26_21-20.WAV,2023 Creed Rd,2023,5,26,22,20,Agelaius tricolor,Alternative Song,17.061333333333334,18.256,2625,7218.75,24000,(not validated),https://arbimon.rfcx.org/legacy-api/project/tricolored-blackbird-breeding-phenology/recordings/download/147402141,0.21486458620418875,48462
594178504,CRam-2023-05-26_17-20.WAV,2023 Creed Rd,2023,5,26,18,20,Agelaius tricolor,Alternative Song,42.458666666666666,43.653333333333336,2625,7218.75,24000,(not validated),https://arbimon.rfcx.org/legacy-api/project/tricolored-blackbird-breeding-phenology/recordings/download/147402172,0.20947832980210773,48462
594178505,CRam-2023-05-28_01-40.WAV,2023 Creed Rd,2023,5,28,2,40,Agelaius tricolor,Alternative Song,42.592,43.78666666666667,2625,7218.75,24000,(not validated),https://arbimon.rfcx.org/legacy-api/project/tricolored-blackbird-breeding-phenology/recordings/download/147402178,0.20372122849200858,48462
594178506,CRam-2023-05-26_03-40.WAV,2023 Creed Rd,2023,5,26,4,40,Agelaius tricolor,Alternative Song,0.5386666666666666,1.7333333333333334,2625,7218.75,24000,(not validated),https://arbimon.rfcx.org/legacy-api/project/tricolored-blackbird-breeding-phenology/recordings/download/147402213,0.20046516329245223,48462
594178507,CRam-2023-05-27_14-20.WAV,2023 Creed Rd,2023,5,27,15,20,Agelaius tricolor,Alternative Song,56.986666666666665,58.181333333333335,2625,7218.75,24000,(not validated),https://arbimon.rfcx.org/legacy-api/project/tricolored-blackbird-breeding-phenology/recordings/download/147402249,0.22857399497855008,48462
594178508,CRam-2023-05-26_06-40.WAV,2023 Creed Rd,2023,5,26,7,40,Agelaius tricolor,Alternative Song,0.6186666666666667,1.8133333333333332,2625,7218.75,24000,(not validated),https://arbimon.rfcx.org/legacy-api/project/tricolored-blackbird-breeding-phenology/recordings/download/147402325,0.20683561722122515,48462
594178509,CRam-2023-05-26_04-40.WAV,2023 Creed Rd,2023,5,26,5,40,Agelaius tricolor,Alternative Song,41.86666666666667,43.06133333333333,2625,7218.75,24000,(not validated),https://arbimon.rfcx.org/legacy-api/project/tricolored-blackbird-breeding-phenology/recordings/download/147402335,0.21627117162696302,48462
594178510,CRam-2023-05-24_22-20.WAV,2023 Creed Rd,2023,5,24,23,20,Agelaius tricolor,Alternative Song,5.781333333333333,6.976,2625,7218.75,24000,(not validated),https://arbimon.rfcx.org/legacy-api/project/tricolored-blackbird-breeding-phenology/recordings/download/147402384,0.20246696410883022,48462
594178511,CRam-2023-05-24_21-40.WAV,2023 Creed Rd,2023,5,24,22,40,Agelaius tricolor,Alternative Song,27.952,29.14666666666667,2625,7218.75,24000,(not validated),https://arbimon.rfcx.org/legacy-api/project/tricolored-blackbird-breeding-phenology/recordings/download/147402392,0.25663569358419447,48462
594178512,CRam-2023-05-25_13-20.WAV,2023 Creed Rd,2023,5,25,14,20,Agelaius tricolor,Alternative Song,14.528,15.722666666666667,2625,7218.75,24000,(not validated),https://arbimon.rfcx.org/legacy-api/project/tricolored-blackbird-breeding-phenology/recordings/download/147402397,0.20152180257896815,48462
594178513,CRam-2023-05-25_12-20.WAV,2023 Creed Rd,2023,5,25,13,20,Agelaius tricolor,Alternative Song,6.042666666666666,7.237333333333333,2625,7218.75,24000,(not validated),https://arbimon.rfcx.org/legacy-api/project/tricolored-blackbird-breeding-phenology/recordings/download/147402409,0.21861242603363856,48462
594178514,CRam-2023-05-26_05-20.WAV,2023 Creed Rd,2023,5,26,6,20,Agelaius tricolor,Alternative Song,39.344,40.538666666666664,2625,7218.75,24000,(not validated),https://arbimon.rfcx.org/legacy-api/project/tricolored-blackbird-breeding-phenology/recordings/download/147402427,0.2453357234610721,48462
594178515,CRam-2023-05-24_15-40.WAV,2023 Creed Rd,2023,5,24,16,40,Agelaius tricolor,Alternative Song,24.373333333333335,25.568,2625,7218.75,24000,(not validated),https://arbimon.rfcx.org/legacy-api/project/tricolored-blackbird-breeding-phenology/recordings/download/147402432,0.20393059145130668,48462
594178516,CRam-2023-05-25_14-20.WAV,2023 Creed Rd,2023,5,25,15,20,Agelaius tricolor,Alternative Song,39.52,40.714666666666666,2625,7218.75,24000,(not validated),https://arbimon.rfcx.org/legacy-api/project/tricolored-blackbird-breeding-phenology/recordings/download/147402468,0.20745342117427146,48462
594178517,CRam-2023-05-24_10-00.WAV,2023 Creed Rd,2023,5,24,11,0,Agelaius tricolor,Alternative Song,5.770666666666667,6.965333333333334,2625,7218.75,24000,(not validated),https://arbimon.rfcx.org/legacy-api/project/tricolored-blackbird-breeding-phenology/recordings/download/147402492,0.20112679818860207,48462
594178518,CRam-2023-05-25_05-20.WAV,2023 Creed Rd,2023,5,25,6,20,Agelaius tricolor,Alternative Song,24.597333333333335,25.792,2625,7218.75,24000,(not validated),https://arbimon.rfcx.org/legacy-api/project/tricolored-blackbird-breeding-phenology/recordings/download/147402506,0.30279136164908427,48462
594178519,CRam-2023-05-25_06-00.WAV,2023 Creed Rd,2023,5,25,7,0,Agelaius tricolor,Alternative Song,10.48,11.674666666666667,2625,7218.75,24000,(not validated),https://arbimon.rfcx.org/legacy-api/project/tricolored-blackbird-breeding-phenology/recordings/download/147402507,0.2006402414152652,48462
594178520,CRam-2023-05-24_20-00.WAV,2023 Creed Rd,2023,5,24,21,0,Agelaius tricolor,Alternative Song,21.392,22.586666666666666,2625,7218.75,24000,(not validated),https://arbimon.rfcx.org/legacy-api/project/tricolored-blackbird-breeding-phenology/recordings/download/147402509,0.2143732384160023,48462
594178521,CRam-2023-05-24_06-40.WAV,2023 Creed Rd,2023,5,24,7,40,Agelaius tricolor,Alternative Song,3.072,4.266666666666667,2625,7218.75,24000,(not validated),https://arbimon.rfcx.org/legacy-api/project/tricolored-blackbird-breeding-phenology/recordings/download/147402511,0.22198849342337953,48462
594178522,CRam-2023-05-24_03-00.WAV,2023 Creed Rd,2023,5,24,4,0,Agelaius tricolor,Alternative Song,32.864,34.05866666666667,2625,7218.75,24000,(not validated),https://arbimon.rfcx.org/legacy-api/project/tricolored-blackbird-breeding-phenology/recordings/download/147402526,0.2048350032399653,48462
594178523,CRam-2023-05-24_02-20.WAV,2023 Creed Rd,2023,5,24,3,20,Agelaius tricolor,Alternative Song,41.49333333333333,42.688,2625,7218.75,24000,(not validated),https://arbimon.rfcx.org/legacy-api/project/tricolored-blackbird-breeding-phenology/recordings/download/147402555,0.237968357649413,48462
594178540,CRam-2023-05-23_12-40.WAV,2023 Creed Rd,2023,5,23,13,40,Agelaius tricolor,Alternative Song,44.24,45.434666666666665,2625,7218.75,24000,(not validated),https://arbimon.rfcx.org/legacy-api/project/tricolored-blackbird-breeding-phenology/recordings/download/147402595,0.20137969253466367,48462
594178541,CRam-2023-05-24_01-40.WAV,2023 Creed Rd,2023,5,24,2,40,Agelaius tricolor,Alternative Song,31.909333333333333,33.104,2625,7218.75,24000,(not validated),https://arbimon.rfcx.org/legacy-api/project/tricolored-blackbird-breeding-phenology/recordings/download/147402601,0.20450030834388344,48462
594178542,CRam-2023-05-23_07-40.WAV,2023 Creed Rd,2023,5,23,8,40,Agelaius tricolor,Alternative Song,17.952,19.14666666666667,2625,7218.75,24000,(not validated),https://arbimon.rfcx.org/legacy-api/project/tricolored-blackbird-breeding-phenology/recordings/download/147402621,0.20217610830289487,48462
594178543,CRam-2023-05-23_02-20.WAV,2023 Creed Rd,2023,5,23,3,20,Agelaius tricolor,Alternative Song,41.49333333333333,42.688,2625,7218.75,24000,(not validated),https://arbimon.rfcx.org/legacy-api/project/tricolored-blackbird-breeding-phenology/recordings/download/147402625,0.2020023325147863,48462
594178544,CRam-2023-05-24_05-20.WAV,2023 Creed Rd,2023,5,24,6,20,Agelaius tricolor,Alternative Song,32.906666666666666,34.101333333333336,2625,7218.75,24000,(not validated),https://arbimon.rfcx.org/legacy-api/project/tricolored-blackbird-breeding-phenology/recordings/download/147402637,0.29985889114788405,48462
594178545,CRam-2023-05-23_01-40.WAV,2023 Creed Rd,2023,5,23,2,40,Agelaius tricolor,Alternative Song,35.46666666666667,36.66133333333333,2625,7218.75,24000,(not validated),https://arbimon.rfcx.org/legacy-api/project/tricolored-blackbird-breeding-phenology/recordings/download/147402639,0.23318167457527103,48462
594178546,CRam-2023-05-23_00-00.WAV,2023 Creed Rd,2023,5,23,1,0,Agelaius tricolor,Alternative Song,16.048,17.24266666666667,2625,7218.75,24000,(not validated),https://arbimon.rfcx.org/legacy-api/project/tricolored-blackbird-breeding-phenology/recordings/download/147402647,0.2004364978546598,48462
594178547,CRam-2023-05-23_00-40.WAV,2023 Creed Rd,2023,5,23,1,40,Agelaius tricolor,Alternative Song,7.648,8.842666666666666,2625,7218.75,24000,(not validated),https://arbimon.rfcx.org/legacy-api/project/tricolored-blackbird-breeding-phenology/recordings/download/147402661,0.21310105534690574,48462
594178548,CRam-2023-05-22_22-00.WAV,2023 Creed Rd,2023,5,22,23,0,Agelaius tricolor,Alternative Song,1.2906666666666666,2.485333333333333,2625,7218.75,24000,(not validated),https://arbimon.rfcx.org/legacy-api/project/tricolored-blackbird-breeding-phenology/recordings/download/147402670,0.20106955075944588,48462
594178549,CRam-2023-05-22_18-40.WAV,2023 Creed Rd,2023,5,22,19,40,Agelaius tricolor,Alternative Song,12.970666666666666,14.165333333333333,2625,7218.75,24000,(not validated),https://arbimon.rfcx.org/legacy-api/project/tricolored-blackbird-breeding-phenology/recordings/download/147402682,0.22017632494007358,48462
594178550,CRam-2023-05-23_00-20.WAV,2023 Creed Rd,2023,5,23,1,20,Agelaius tricolor,Alternative Song,32.77333333333333,33.968,2625,7218.75,24000,(not validated),https://arbimon.rfcx.org/legacy-api/project/tricolored-blackbird-breeding-phenology/recordings/download/147402688,0.22547655289953317,48462
594178551,CRam-2023-05-23_13-20.WAV,2023 Creed Rd,2023,5,23,14,20,Agelaius tricolor,Alternative Song,57.904,59.09866666666667,2625,7218.75,24000,(not validated),https://arbimon.rfcx.org/legacy-api/project/tricolored-blackbird-breeding-phenology/recordings/download/147402702,0.22058687396001742,48462
594178552,CRam-2023-05-22_05-20.WAV,2023 Creed Rd,2023,5,22,6,20,Agelaius tricolor,Alternative Song,55.70133333333333,56.896,2625,7218.75,24000,(not validated),https://arbimon.rfcx.org/legacy-api/project/tricolored-blackbird-breeding-phenology/recordings/download/147402746,0.23248812194689625,48462
594178553,CRam-2023-05-22_23-00.WAV,2023 Creed Rd,2023,5,23,0,0,Agelaius tricolor,Alternative Song,47.664,48.858666666666664,2625,7218.75,24000,(not validated),https://arbimon.rfcx.org/legacy-api/project/tricolored-blackbird-breeding-phenology/recordings/download/147402754,0.23764378422252433,48462
594178554,CRam-2023-05-22_01-20.WAV,2023 Creed Rd,2023,5,22,2,20,Agelaius tricolor,Alternative Song,40.309333333333335,41.504,2625,7218.75,24000,(not validated),https://arbimon.rfcx.org/legacy-api/project/tricolored-blackbird-breeding-phenology/recordings/download/147402777,0.20090377455872957,48462
594178555,CRam-2023-05-22_01-00.WAV,2023 Creed Rd,2023,5,22,2,0,Agelaius tricolor,Alternative Song,32.330666666666666,33.525333333333336,2625,7218.75,24000,(not validated),https://arbimon.rfcx.org/legacy-api/project/tricolored-blackbird-breeding-phenology/recordings/download/147402782,0.21122600936120525,48462
594178556,CRam-2023-05-22_18-00.WAV,2023 Creed Rd,2023,5,22,19,0,Agelaius tricolor,Alternative Song,37.12,38.31466666666667,2625,7218.75,24000,(not validated),https://arbimon.rfcx.org/legacy-api/project/tricolored-blackbird-breeding-phenology/recordings/download/147402819,0.21329520384841014,48462
594178557,CRam-2023-05-21_22-00.WAV,2023 Creed Rd,2023,5,21,23,0,Agelaius tricolor,Alternative Song,51.504,52.69866666666667,2625,7218.75,24000,(not validated),https://arbimon.rfcx.org/legacy-api/project/tricolored-blackbird-breeding-phenology/recordings/download/147402877,0.22302221058387764,48462
594178558,CRam-2023-05-21_21-40.WAV,2023 Creed Rd,2023,5,21,22,40,Agelaius tricolor,Alternative Song,3.1253333333333333,4.32,2625,7218.75,24000,(not validated),https://arbimon.rfcx.org/legacy-api/project/tricolored-blackbird-breeding-phenology/recordings/download/147402900,0.20002608769939034,48462
594178559,CRam-2023-05-21_08-00.WAV,2023 Creed Rd,2023,5,21,9,0,Agelaius tricolor,Alternative Song,7.216,8.410666666666666,2625,7218.75,24000,(not validated),https://arbimon.rfcx.org/legacy-api/project/tricolored-blackbird-breeding-phenology/recordings/download/147402940,0.20225970020271242,48462
594178560,CRam-2023-05-22_00-20.WAV,2023 Creed Rd,2023,5,22,1,20,Agelaius tricolor,Alternative Song,51.78666666666667,52.98133333333333,2625,7218.75,24000,(not validated),https://arbimon.rfcx.org/legacy-api/project/tricolored-blackbird-breeding-phenology/recordings/download/147402953,0.21078979994910463,48462
594178561,CRam-2023-05-21_23-40.WAV,2023 Creed Rd,2023,5,22,0,40,Agelaius tricolor,Alternative Song,31.17866666666667,32.373333333333335,2625,7218.75,24000,(not validated),https://arbimon.rfcx.org/legacy-api/project/tricolored-blackbird-breeding-phenology/recordings/download/147402954,0.22299024216615307,48462
594178562,CRam-2023-05-21_07-00.WAV,2023 Creed Rd,2023,5,21,8,0,Agelaius tricolor,Alternative Song,40.608,41.80266666666667,2625,7218.75,24000,(not validated),https://arbimon.rfcx.org/legacy-api/project/tricolored-blackbird-breeding-phenology/recordings/download/147403015,0.20875002310020846,48462
594178563,CRam-2023-05-21_05-20.WAV,2023 Creed Rd,2023,5,21,6,20,Agelaius tricolor,Alternative Song,33.94133333333333,35.136,2625,7218.75,24000,(not validated),https://arbimon.rfcx.org/legacy-api/project/tricolored-blackbird-breeding-phenology/recordings/download/147403020,0.23493018266414262,48462
