recording,site,year,month,day,hour,minute,species,songtype,x1,x2,y1,y2,frequency,validated,url,score,site_id
MR2am-2019-05-10_20-20.flac,2019 Markham Ravine 2,2019,5,10,20,20,Pseudacris regilla,Common Song,2.314666748,2.720000029,1688,3281,24000,present,https://rfcx-streams-production.s3.eu-west-1.amazonaws.com/2019/05/10/ahjaw2h5cpk2/b9b5aca2-cab5-cebf-30f5-8820cdb1029d.flac?X-Amz-Algorithm=AWS4-HMAC-SHA256&X-Amz-Content-Sha256=UNSIGNED-PAYLOAD&X-Amz-Credential=AKIA45B7YWBX5HAZMGOU%2F20260223%2Feu-west-1%2Fs3%2Faws4_request&X-Amz-Date=20260223T000817Z&X-Amz-Expires=604800&X-Amz-Signature=0483662c93a4f0bec63c35d9d8efb3e54036f0f5b85b35efe534d99b5fc405ec&X-Amz-SignedHeaders=host&response-content-disposition=attachment%3B%20filename%3Db9b5aca2-cab5-cebf-30f5-8820cdb1029d.flac&x-id=GetObject,0.23230122,5640
MR2am-2019-05-10_20-40.flac,2019 Markham Ravine 2,2019,5,10,20,40,Pseudacris regilla,Common Song,40.82666779,41.23199844,1688,3281,24000,present,https://rfcx-streams-production.s3.eu-west-1.amazonaws.com/2019/05/10/ahjaw2h5cpk2/62241ddb-8a80-f2be-e726-42e059208614.flac?X-Amz-Algorithm=AWS4-HMAC-SHA256&X-Amz-Content-Sha256=UNSIGNED-PAYLOAD&X-Amz-Credential=AKIA45B7YWBX5HAZMGOU%2F20260223%2Feu-west-1%2Fs3%2Faws4_request&X-Amz-Date=20260223T000817Z&X-Amz-Expires=604800&X-Amz-Signature=8e6fbee06903bb2d20c303eb10c58a2dc072add9cd9b8cc62cfa93983e6d9fd5&X-Amz-SignedHeaders=host&response-content-disposition=attachment%3B%20filename%3D62241ddb-8a80-f2be-e726-42e059208614.flac&x-id=GetObject,0.239105016,5640
MR2am-2019-05-10_21-00.flac,2019 Markham Ravine 2,2019,5,10,21,0,Pseudacris regilla,Common Song,3.130666733,3.536000013,1688,3281,24000,present,https://rfcx-streams-production.s3.eu-west-1.amazonaws.com/2019/05/10/ahjaw2h5cpk2/6f346b1d-3b3a-9fc8-0234-5f174b016ca5.flac?X-Amz-Algorithm=AWS4-HMAC-SHA256&X-Amz-Content-Sha256=UNSIGNED-PAYLOAD&X-Amz-Credential=AKIA45B7YWBX5HAZMGOU%2F20260223%2Feu-west-1%2Fs3%2Faws4_request&X-Amz-Date=20260223T000817Z&X-Amz-Expires=604800&X-Amz-Signature=837c86d819cc52cf5a5f730e9289a737145e07d55c589330658b3245cd86b35e&X-Amz-SignedHeaders=host&response-content-disposition=attachment%3B%20filename%3D6f346b1d-3b3a-9fc8-0234-5f174b016ca5.flac&x-id=GetObject,0.244195148,5640
MR2am-2019-05-10_21-20.flac,2019 Markham Ravine 2,2019,5,10,21,20,Pseudacris regilla,Common Song,49.0826683,49.48799896,1688,3281,24000,present,https://rfcx-streams-production.s3.eu-west-1.amazonaws.com/2019/05/10/ahjaw2h5cpk2/ebfdc67e-4686-0043-b419-d9f3709ab4f9.flac?X-Amz-Algorithm=AWS4-HMAC-SHA256&X-Amz-Content-Sha256=UNSIGNED-PAYLOAD&X-Amz-Credential=AKIA45B7YWBX5HAZMGOU%2F20260223%2Feu-west-1%2Fs3%2Faws4_request&X-Amz-Date=20260223T000817Z&X-Amz-Expires=604800&X-Amz-Signature=33a3bb2f8f2df2ae61e2b30417aea28f8e606802feaa62e834486c925e352c7f&X-Amz-SignedHeaders=host&response-content-disposition=attachment%3B%20filename%3Debfdc67e-4686-0043-b419-d9f3709ab4f9.flac&x-id=GetObject,0.279641896,5640
MR2am-2019-05-10_22-00.flac,2019 Markham Ravine 2,2019,5,10,22,0,Pseudacris regilla,Common Song,17.52000046,17.92533302,1688,3281,24000,present,https://rfcx-streams-production.s3.eu-west-1.amazonaws.com/2019/05/10/ahjaw2h5cpk2/873187f1-a146-8416-9c30-5c1f03161023.flac?X-Amz-Algorithm=AWS4-HMAC-SHA256&X-Amz-Content-Sha256=UNSIGNED-PAYLOAD&X-Amz-Credential=AKIA45B7YWBX5HAZMGOU%2F20260223%2Feu-west-1%2Fs3%2Faws4_request&X-Amz-Date=20260223T000817Z&X-Amz-Expires=604800&X-Amz-Signature=03ed264de7c003cb5f8eda0d4e4bad33b2e6b002e8b9b73e43a2c5a3323af039&X-Amz-SignedHeaders=host&response-content-disposition=attachment%3B%20filename%3D873187f1-a146-8416-9c30-5c1f03161023.flac&x-id=GetObject,0.262335956,5640
MR2am-2019-05-10_22-20.flac,2019 Markham Ravine 2,2019,5,10,22,20,Pseudacris regilla,Common Song,44.14400101,44.54933167,1688,3281,24000,present,https://rfcx-streams-production.s3.eu-west-1.amazonaws.com/2019/05/10/ahjaw2h5cpk2/f3da8ca8-e012-5d6d-7232-ba882964be8a.flac?X-Amz-Algorithm=AWS4-HMAC-SHA256&X-Amz-Content-Sha256=UNSIGNED-PAYLOAD&X-Amz-Credential=AKIA45B7YWBX5HAZMGOU%2F20260223%2Feu-west-1%2Fs3%2Faws4_request&X-Amz-Date=20260223T000817Z&X-Amz-Expires=604800&X-Amz-Signature=8c7780ed232cfc1d5a6e2ff8a5d75a1d257a1c4f1b76cc2451205e39e90792ba&X-Amz-SignedHeaders=host&response-content-disposition=attachment%3B%20filename%3Df3da8ca8-e012-5d6d-7232-ba882964be8a.flac&x-id=GetObject,0.221525967,5640
MR2am-2019-05-10_23-00.flac,2019 Markham Ravine 2,2019,5,10,23,0,Pseudacris regilla,Common Song,22.52799988,22.93333244,1688,3281,24000,present,https://rfcx-streams-production.s3.eu-west-1.amazonaws.com/2019/05/10/ahjaw2h5cpk2/1482f02f-e4e1-27a1-7c9b-6c3e3b120787.flac?X-Amz-Algorithm=AWS4-HMAC-SHA256&X-Amz-Content-Sha256=UNSIGNED-PAYLOAD&X-Amz-Credential=AKIA45B7YWBX5HAZMGOU%2F20260223%2Feu-west-1%2Fs3%2Faws4_request&X-Amz-Date=20260223T000817Z&X-Amz-Expires=604800&X-Amz-Signature=57e3a40d45955e694e0f8f7e138658cb225a5075638ff31985a3e08a2334c97f&X-Amz-SignedHeaders=host&response-content-disposition=attachment%3B%20filename%3D1482f02f-e4e1-27a1-7c9b-6c3e3b120787.flac&x-id=GetObject,0.264921069,5640
MR2am-2019-05-10_23-20.flac,2019 Markham Ravine 2,2019,5,10,23,20,Pseudacris regilla,Common Song,40.14933395,40.55466843,1688,3281,24000,present,https://rfcx-streams-production.s3.eu-west-1.amazonaws.com/2019/05/10/ahjaw2h5cpk2/b99af16e-3d46-ee51-2d8d-e3977ef85332.flac?X-Amz-Algorithm=AWS4-HMAC-SHA256&X-Amz-Content-Sha256=UNSIGNED-PAYLOAD&X-Amz-Credential=AKIA45B7YWBX5HAZMGOU%2F20260223%2Feu-west-1%2Fs3%2Faws4_request&X-Amz-Date=20260223T000817Z&X-Amz-Expires=604800&X-Amz-Signature=d2ef12efb015cbeb0f80e81b81c4ffbf738ab5b99b8ae32e53ec3d7fd3b41829&X-Amz-SignedHeaders=host&response-content-disposition=attachment%3B%20filename%3Db99af16e-3d46-ee51-2d8d-e3977ef85332.flac&x-id=GetObject,0.211721838,5640
MR2am-2019-05-14_23-00.flac,2019 Markham Ravine 2,2019,5,14,23,0,Pseudacris regilla,Common Song,7.007999897,7.413333416,1688,3281,24000,present,https://rfcx-streams-production.s3.eu-west-1.amazonaws.com/2019/05/14/ahjaw2h5cpk2/2ef54907-dd8e-3091-4cc7-bea8a9cfc692.flac?X-Amz-Algorithm=AWS4-HMAC-SHA256&X-Amz-Content-Sha256=UNSIGNED-PAYLOAD&X-Amz-Credential=AKIA45B7YWBX5HAZMGOU%2F20260223%2Feu-west-1%2Fs3%2Faws4_request&X-Amz-Date=20260223T000816Z&X-Amz-Expires=604800&X-Amz-Signature=7c90ff5942a1c823379c8ee8274116208f665612f6c25beb2a8c6caf2d16776f&X-Amz-SignedHeaders=host&response-content-disposition=attachment%3B%20filename%3D2ef54907-dd8e-3091-4cc7-bea8a9cfc692.flac&x-id=GetObject,0.209298119,5640
MR2am-2019-05-14_23-20.flac,2019 Markham Ravine 2,2019,5,14,23,20,Pseudacris regilla,Common Song,49.69599915,50.10133362,1688,3281,24000,present,https://rfcx-streams-production.s3.eu-west-1.amazonaws.com/2019/05/14/ahjaw2h5cpk2/6b281256-26d2-e551-0d03-9f60ed9b2659.flac?X-Amz-Algorithm=AWS4-HMAC-SHA256&X-Amz-Content-Sha256=UNSIGNED-PAYLOAD&X-Amz-Credential=AKIA45B7YWBX5HAZMGOU%2F20260223%2Feu-west-1%2Fs3%2Faws4_request&X-Amz-Date=20260223T000817Z&X-Amz-Expires=604800&X-Amz-Signature=2aca8227c38ada1aad7271cae0b5255bbb80b1f269031796a38c4157905095ef&X-Amz-SignedHeaders=host&response-content-disposition=attachment%3B%20filename%3D6b281256-26d2-e551-0d03-9f60ed9b2659.flac&x-id=GetObject,0.234765083,5640
MR2am-2019-05-16_01-40.flac,2019 Markham Ravine 2,2019,5,16,1,40,Pseudacris regilla,Common Song,13.59466648,14,1688,3281,24000,present,https://rfcx-streams-production.s3.eu-west-1.amazonaws.com/2019/05/15/ahjaw2h5cpk2/a9d3e4dc-acea-34ce-ca08-d5fb35d9d5b1.flac?X-Amz-Algorithm=AWS4-HMAC-SHA256&X-Amz-Content-Sha256=UNSIGNED-PAYLOAD&X-Amz-Credential=AKIA45B7YWBX5HAZMGOU%2F20260223%2Feu-west-1%2Fs3%2Faws4_request&X-Amz-Date=20260223T000817Z&X-Amz-Expires=604800&X-Amz-Signature=d0de2c2f75d0b4fbb10d809dcfa2673ab45a15acca2f5107a960b1977f376980&X-Amz-SignedHeaders=host&response-content-disposition=attachment%3B%20filename%3Da9d3e4dc-acea-34ce-ca08-d5fb35d9d5b1.flac&x-id=GetObject,0.285343677,5640
MR2am-2019-05-16_02-00.flac,2019 Markham Ravine 2,2019,5,16,2,0,Pseudacris regilla,Common Song,26.4533329,26.85866737,1688,3281,24000,present,https://rfcx-streams-production.s3.eu-west-1.amazonaws.com/2019/05/15/ahjaw2h5cpk2/5077d845-36a1-73d8-d045-12ab96b35762.flac?X-Amz-Algorithm=AWS4-HMAC-SHA256&X-Amz-Content-Sha256=UNSIGNED-PAYLOAD&X-Amz-Credential=AKIA45B7YWBX5HAZMGOU%2F20260223%2Feu-west-1%2Fs3%2Faws4_request&X-Amz-Date=20260223T000816Z&X-Amz-Expires=604800&X-Amz-Signature=56ecb46692355d6febba33c0ba678d07ac65be17ec119aca7bc4534a413726da&X-Amz-SignedHeaders=host&response-content-disposition=attachment%3B%20filename%3D5077d845-36a1-73d8-d045-12ab96b35762.flac&x-id=GetObject,0.31802687,5640
MR2am-2019-05-16_02-40.flac,2019 Markham Ravine 2,2019,5,16,2,40,Pseudacris regilla,Common Song,56.1866684,56.59199905,1688,3281,24000,present,https://rfcx-streams-production.s3.eu-west-1.amazonaws.com/2019/05/15/ahjaw2h5cpk2/23d8fc66-dfb7-9711-b2a4-2cf068c2b194.flac?X-Amz-Algorithm=AWS4-HMAC-SHA256&X-Amz-Content-Sha256=UNSIGNED-PAYLOAD&X-Amz-Credential=AKIA45B7YWBX5HAZMGOU%2F20260223%2Feu-west-1%2Fs3%2Faws4_request&X-Amz-Date=20260223T000817Z&X-Amz-Expires=604800&X-Amz-Signature=c4cfafdc36d7eecbe50f89c7ae19809f2433543a1e76683a2db68580c17aedd0&X-Amz-SignedHeaders=host&response-content-disposition=attachment%3B%20filename%3D23d8fc66-dfb7-9711-b2a4-2cf068c2b194.flac&x-id=GetObject,0.352439731,5640
MR2am-2019-05-16_03-00.flac,2019 Markham Ravine 2,2019,5,16,3,0,Pseudacris regilla,Common Song,43.30666733,43.7120018,1688,3281,24000,present,https://rfcx-streams-production.s3.eu-west-1.amazonaws.com/2019/05/15/ahjaw2h5cpk2/761f76da-ca1a-a27f-fc7e-02b124f7c253.flac?X-Amz-Algorithm=AWS4-HMAC-SHA256&X-Amz-Content-Sha256=UNSIGNED-PAYLOAD&X-Amz-Credential=AKIA45B7YWBX5HAZMGOU%2F20260223%2Feu-west-1%2Fs3%2Faws4_request&X-Amz-Date=20260223T000816Z&X-Amz-Expires=604800&X-Amz-Signature=b0e122f2a2f4c60402542c62f62b75716e24b629558269d791a17a948f657901&X-Amz-SignedHeaders=host&response-content-disposition=attachment%3B%20filename%3D761f76da-ca1a-a27f-fc7e-02b124f7c253.flac&x-id=GetObject,0.438895285,5640
MR2am-2019-05-16_03-20.flac,2019 Markham Ravine 2,2019,5,16,3,20,Pseudacris regilla,Common Song,40.9173317,41.32266617,1688,3281,24000,present,https://rfcx-streams-production.s3.eu-west-1.amazonaws.com/2019/05/15/ahjaw2h5cpk2/5f9c5b0a-9bba-80a0-6d65-71c394775f2a.flac?X-Amz-Algorithm=AWS4-HMAC-SHA256&X-Amz-Content-Sha256=UNSIGNED-PAYLOAD&X-Amz-Credential=AKIA45B7YWBX5HAZMGOU%2F20260223%2Feu-west-1%2Fs3%2Faws4_request&X-Amz-Date=20260223T000817Z&X-Amz-Expires=604800&X-Amz-Signature=1c098479641d991b7ffa6ca2d5612a90d5750ad4d4eab62efefc59cf105949c7&X-Amz-SignedHeaders=host&response-content-disposition=attachment%3B%20filename%3D5f9c5b0a-9bba-80a0-6d65-71c394775f2a.flac&x-id=GetObject,0.310090333,5640
MR2am-2019-05-16_03-40.flac,2019 Markham Ravine 2,2019,5,16,3,40,Pseudacris regilla,Common Song,2.778666735,3.184000015,1688,3281,24000,present,https://rfcx-streams-production.s3.eu-west-1.amazonaws.com/2019/05/15/ahjaw2h5cpk2/98f0ac5c-f272-a466-fe9e-3745ce5b1fc9.flac?X-Amz-Algorithm=AWS4-HMAC-SHA256&X-Amz-Content-Sha256=UNSIGNED-PAYLOAD&X-Amz-Credential=AKIA45B7YWBX5HAZMGOU%2F20260223%2Feu-west-1%2Fs3%2Faws4_request&X-Amz-Date=20260223T000817Z&X-Amz-Expires=604800&X-Amz-Signature=8c771aeac574b79ae5a9637a9b609ab1bdf623bb70f29019ce5282669062417c&X-Amz-SignedHeaders=host&response-content-disposition=attachment%3B%20filename%3D98f0ac5c-f272-a466-fe9e-3745ce5b1fc9.flac&x-id=GetObject,0.236432225,5640
MR2am-2019-05-16_04-40.flac,2019 Markham Ravine 2,2019,5,16,4,40,Pseudacris regilla,Common Song,6.223999977,6.629333496,1688,3281,24000,present,https://rfcx-streams-production.s3.eu-west-1.amazonaws.com/2019/05/15/ahjaw2h5cpk2/937222a8-7f41-5c38-b296-aa374934d3ae.flac?X-Amz-Algorithm=AWS4-HMAC-SHA256&X-Amz-Content-Sha256=UNSIGNED-PAYLOAD&X-Amz-Credential=AKIA45B7YWBX5HAZMGOU%2F20260223%2Feu-west-1%2Fs3%2Faws4_request&X-Amz-Date=20260223T000817Z&X-Amz-Expires=604800&X-Amz-Signature=703d942020e46f29a671c90e8e17bce71c9b1d6a6b0f38d44cceab6155c99425&X-Amz-SignedHeaders=host&response-content-disposition=attachment%3B%20filename%3D937222a8-7f41-5c38-b296-aa374934d3ae.flac&x-id=GetObject,0.43496269,5640
MR2am-2019-05-16_21-20.flac,2019 Markham Ravine 2,2019,5,16,21,20,Pseudacris regilla,Common Song,21.77066612,22.1760006,1688,3281,24000,present,https://rfcx-streams-production.s3.eu-west-1.amazonaws.com/2019/05/16/ahjaw2h5cpk2/a5bd35f6-09eb-724a-4265-304bf60d3900.flac?X-Amz-Algorithm=AWS4-HMAC-SHA256&X-Amz-Content-Sha256=UNSIGNED-PAYLOAD&X-Amz-Credential=AKIA45B7YWBX5HAZMGOU%2F20260223%2Feu-west-1%2Fs3%2Faws4_request&X-Amz-Date=20260223T000817Z&X-Amz-Expires=604800&X-Amz-Signature=0ed1e3b56251af62030d64b5ec1d951e902598c67bc58e3c38b9ba24caf30124&X-Amz-SignedHeaders=host&response-content-disposition=attachment%3B%20filename%3Da5bd35f6-09eb-724a-4265-304bf60d3900.flac&x-id=GetObject,0.265052617,5640
MR2am-2019-05-16_23-00.flac,2019 Markham Ravine 2,2019,5,16,23,0,Pseudacris regilla,Common Song,25.29066658,25.69599915,1688,3281,24000,present,https://rfcx-streams-production.s3.eu-west-1.amazonaws.com/2019/05/16/ahjaw2h5cpk2/5f0ccbd1-295e-8eb9-be28-41fc38b6a4f2.flac?X-Amz-Algorithm=AWS4-HMAC-SHA256&X-Amz-Content-Sha256=UNSIGNED-PAYLOAD&X-Amz-Credential=AKIA45B7YWBX5HAZMGOU%2F20260223%2Feu-west-1%2Fs3%2Faws4_request&X-Amz-Date=20260223T000816Z&X-Amz-Expires=604800&X-Amz-Signature=b87b765354db9d74436ab8780aaa14b1109c02879dd519786e143f5bb5b55298&X-Amz-SignedHeaders=host&response-content-disposition=attachment%3B%20filename%3D5f0ccbd1-295e-8eb9-be28-41fc38b6a4f2.flac&x-id=GetObject,0.424413502,5640
MR2am-2019-05-16_23-20.flac,2019 Markham Ravine 2,2019,5,16,23,20,Pseudacris regilla,Common Song,21.47200012,21.87733269,1688,3281,24000,present,https://rfcx-streams-production.s3.eu-west-1.amazonaws.com/2019/05/16/ahjaw2h5cpk2/a51e9d7d-6a9e-6ff2-020c-f249a75c1c09.flac?X-Amz-Algorithm=AWS4-HMAC-SHA256&X-Amz-Content-Sha256=UNSIGNED-PAYLOAD&X-Amz-Credential=AKIA45B7YWBX5HAZMGOU%2F20260223%2Feu-west-1%2Fs3%2Faws4_request&X-Amz-Date=20260223T000817Z&X-Amz-Expires=604800&X-Amz-Signature=e39b542bdf616daeb9596154884c91f35ccfebc68ba18d3fa6f8a9b148730353&X-Amz-SignedHeaders=host&response-content-disposition=attachment%3B%20filename%3Da51e9d7d-6a9e-6ff2-020c-f249a75c1c09.flac&x-id=GetObject,0.297326297,5640
MR2am-2019-05-16_23-40.flac,2019 Markham Ravine 2,2019,5,16,23,40,Pseudacris regilla,Common Song,36.19200134,36.597332,1688,3281,24000,present,https://rfcx-streams-production.s3.eu-west-1.amazonaws.com/2019/05/16/ahjaw2h5cpk2/816556c6-ebfb-441d-4a03-becd0a3ab4cb.flac?X-Amz-Algorithm=AWS4-HMAC-SHA256&X-Amz-Content-Sha256=UNSIGNED-PAYLOAD&X-Amz-Credential=AKIA45B7YWBX5HAZMGOU%2F20260223%2Feu-west-1%2Fs3%2Faws4_request&X-Amz-Date=20260223T000817Z&X-Amz-Expires=604800&X-Amz-Signature=5f9978db588f09691aa44de45f27fca852c86828d42a9674eb09162802ff0289&X-Amz-SignedHeaders=host&response-content-disposition=attachment%3B%20filename%3D816556c6-ebfb-441d-4a03-becd0a3ab4cb.flac&x-id=GetObject,0.274656028,5640
MR2am-2019-05-17_00-00.flac,2019 Markham Ravine 2,2019,5,17,0,0,Pseudacris regilla,Common Song,16.26133347,16.66666603,1688,3281,24000,present,https://rfcx-streams-production.s3.eu-west-1.amazonaws.com/2019/05/16/ahjaw2h5cpk2/bb059466-9e2a-9faf-393b-795b86dfc635.flac?X-Amz-Algorithm=AWS4-HMAC-SHA256&X-Amz-Content-Sha256=UNSIGNED-PAYLOAD&X-Amz-Credential=AKIA45B7YWBX5HAZMGOU%2F20260223%2Feu-west-1%2Fs3%2Faws4_request&X-Amz-Date=20260223T000816Z&X-Amz-Expires=604800&X-Amz-Signature=b4f40c99d499cb01463a0379dfa41fd66dffb87cbdb940f9445627183e3713d7&X-Amz-SignedHeaders=host&response-content-disposition=attachment%3B%20filename%3Dbb059466-9e2a-9faf-393b-795b86dfc635.flac&x-id=GetObject,0.324181497,5640
MR2am-2019-05-17_00-20.flac,2019 Markham Ravine 2,2019,5,17,0,20,Pseudacris regilla,Common Song,27.30133247,27.70666695,1688,3281,24000,present,https://rfcx-streams-production.s3.eu-west-1.amazonaws.com/2019/05/16/ahjaw2h5cpk2/b11cc28d-6148-b2f3-fe07-fe2c7bbefd88.flac?X-Amz-Algorithm=AWS4-HMAC-SHA256&X-Amz-Content-Sha256=UNSIGNED-PAYLOAD&X-Amz-Credential=AKIA45B7YWBX5HAZMGOU%2F20260223%2Feu-west-1%2Fs3%2Faws4_request&X-Amz-Date=20260223T000817Z&X-Amz-Expires=604800&X-Amz-Signature=8f1aedb5d97a40befeaa745b2e6c48b3b6e90bda00dab48637d00ee7d82314ec&X-Amz-SignedHeaders=host&response-content-disposition=attachment%3B%20filename%3Db11cc28d-6148-b2f3-fe07-fe2c7bbefd88.flac&x-id=GetObject,0.240829572,5640
MR2am-2019-05-17_00-40.flac,2019 Markham Ravine 2,2019,5,17,0,40,Pseudacris regilla,Common Song,0.042666666,0.448000014,1688,3281,24000,present,https://rfcx-streams-production.s3.eu-west-1.amazonaws.com/2019/05/16/ahjaw2h5cpk2/6fbaceee-ee14-1f45-6679-6dd53f25c816.flac?X-Amz-Algorithm=AWS4-HMAC-SHA256&X-Amz-Content-Sha256=UNSIGNED-PAYLOAD&X-Amz-Credential=AKIA45B7YWBX5HAZMGOU%2F20260223%2Feu-west-1%2Fs3%2Faws4_request&X-Amz-Date=20260223T000817Z&X-Amz-Expires=604800&X-Amz-Signature=4d4b4d841f2760776ee8420a464680f4daeb1f135d362ef1d0e8a06a7fdb578f&X-Amz-SignedHeaders=host&response-content-disposition=attachment%3B%20filename%3D6fbaceee-ee14-1f45-6679-6dd53f25c816.flac&x-id=GetObject,0.401893258,5640
MR2am-2019-05-17_01-00.flac,2019 Markham Ravine 2,2019,5,17,1,0,Pseudacris regilla,Common Song,27.70666695,28.11199951,1688,3281,24000,present,https://rfcx-streams-production.s3.eu-west-1.amazonaws.com/2019/05/16/ahjaw2h5cpk2/9954bb3a-e128-5248-cd58-b9d8865e09c1.flac?X-Amz-Algorithm=AWS4-HMAC-SHA256&X-Amz-Content-Sha256=UNSIGNED-PAYLOAD&X-Amz-Credential=AKIA45B7YWBX5HAZMGOU%2F20260223%2Feu-west-1%2Fs3%2Faws4_request&X-Amz-Date=20260223T000816Z&X-Amz-Expires=604800&X-Amz-Signature=287f2fca1f4e4669eb29d71387026ffa8478336d64bb925084d4bda236e00b53&X-Amz-SignedHeaders=host&response-content-disposition=attachment%3B%20filename%3D9954bb3a-e128-5248-cd58-b9d8865e09c1.flac&x-id=GetObject,0.322298557,5640
MR2am-2019-05-17_01-20.flac,2019 Markham Ravine 2,2019,5,17,1,20,Pseudacris regilla,Common Song,24.51199913,24.9173336,1688,3281,24000,present,https://rfcx-streams-production.s3.eu-west-1.amazonaws.com/2019/05/16/ahjaw2h5cpk2/be31d0c5-45b5-3efc-73f3-597b64d92ef6.flac?X-Amz-Algorithm=AWS4-HMAC-SHA256&X-Amz-Content-Sha256=UNSIGNED-PAYLOAD&X-Amz-Credential=AKIA45B7YWBX5HAZMGOU%2F20260223%2Feu-west-1%2Fs3%2Faws4_request&X-Amz-Date=20260223T000817Z&X-Amz-Expires=604800&X-Amz-Signature=7517caf3988a1cf55b9e73179786d97b8c52322721f461c80daa41f99aa8514c&X-Amz-SignedHeaders=host&response-content-disposition=attachment%3B%20filename%3Dbe31d0c5-45b5-3efc-73f3-597b64d92ef6.flac&x-id=GetObject,0.345298707,5640
MR2am-2019-05-17_01-40.flac,2019 Markham Ravine 2,2019,5,17,1,40,Pseudacris regilla,Common Song,39.25333405,39.65866852,1688,3281,24000,present,https://rfcx-streams-production.s3.eu-west-1.amazonaws.com/2019/05/16/ahjaw2h5cpk2/0e90e228-b085-167e-b70d-6a4cf996f735.flac?X-Amz-Algorithm=AWS4-HMAC-SHA256&X-Amz-Content-Sha256=UNSIGNED-PAYLOAD&X-Amz-Credential=AKIA45B7YWBX5HAZMGOU%2F20260223%2Feu-west-1%2Fs3%2Faws4_request&X-Amz-Date=20260223T000817Z&X-Amz-Expires=604800&X-Amz-Signature=baf0c598e539780fa0663dfbe3f7b9858f3d474034136e999ac6752693ede148&X-Amz-SignedHeaders=host&response-content-disposition=attachment%3B%20filename%3D0e90e228-b085-167e-b70d-6a4cf996f735.flac&x-id=GetObject,0.370520055,5640
MR2am-2019-05-17_02-20.flac,2019 Markham Ravine 2,2019,5,17,2,20,Pseudacris regilla,Common Song,28.66133308,29.06666756,1688,3281,24000,present,https://rfcx-streams-production.s3.eu-west-1.amazonaws.com/2019/05/16/ahjaw2h5cpk2/918f6a25-6faa-f073-c541-be21473f198a.flac?X-Amz-Algorithm=AWS4-HMAC-SHA256&X-Amz-Content-Sha256=UNSIGNED-PAYLOAD&X-Amz-Credential=AKIA45B7YWBX5HAZMGOU%2F20260223%2Feu-west-1%2Fs3%2Faws4_request&X-Amz-Date=20260223T000817Z&X-Amz-Expires=604800&X-Amz-Signature=e58ddb02907bed3d18f3b751f7cc7244c71b99be24507e9947dad6c5f8d667bc&X-Amz-SignedHeaders=host&response-content-disposition=attachment%3B%20filename%3D918f6a25-6faa-f073-c541-be21473f198a.flac&x-id=GetObject,0.283414483,5640
MR2am-2019-05-17_02-40.flac,2019 Markham Ravine 2,2019,5,17,2,40,Pseudacris regilla,Common Song,16.43199921,16.83733368,1688,3281,24000,present,https://rfcx-streams-production.s3.eu-west-1.amazonaws.com/2019/05/16/ahjaw2h5cpk2/2b6665eb-0944-ef88-3d6b-c6b31135a923.flac?X-Amz-Algorithm=AWS4-HMAC-SHA256&X-Amz-Content-Sha256=UNSIGNED-PAYLOAD&X-Amz-Credential=AKIA45B7YWBX5HAZMGOU%2F20260223%2Feu-west-1%2Fs3%2Faws4_request&X-Amz-Date=20260223T000817Z&X-Amz-Expires=604800&X-Amz-Signature=27152c57ce8615b1838f29ed969fb783ea26379b80dcd4252173f7dd0fb9a889&X-Amz-SignedHeaders=host&response-content-disposition=attachment%3B%20filename%3D2b6665eb-0944-ef88-3d6b-c6b31135a923.flac&x-id=GetObject,0.263945431,5640
MR2am-2019-05-17_03-00.flac,2019 Markham Ravine 2,2019,5,17,3,0,Pseudacris regilla,Common Song,26.52799988,26.93333244,1688,3281,24000,present,https://rfcx-streams-production.s3.eu-west-1.amazonaws.com/2019/05/16/ahjaw2h5cpk2/dd0cf306-a943-e2cf-5cbd-f5e2c9e3ff26.flac?X-Amz-Algorithm=AWS4-HMAC-SHA256&X-Amz-Content-Sha256=UNSIGNED-PAYLOAD&X-Amz-Credential=AKIA45B7YWBX5HAZMGOU%2F20260223%2Feu-west-1%2Fs3%2Faws4_request&X-Amz-Date=20260223T000816Z&X-Amz-Expires=604800&X-Amz-Signature=9682c2d656446c2587cee450a2ee2353224aef0e3c313f298afe780e5668cad3&X-Amz-SignedHeaders=host&response-content-disposition=attachment%3B%20filename%3Ddd0cf306-a943-e2cf-5cbd-f5e2c9e3ff26.flac&x-id=GetObject,0.239351735,5640
MR2am-2019-05-17_03-20.flac,2019 Markham Ravine 2,2019,5,17,3,20,Pseudacris regilla,Common Song,1.728000045,2.133333445,1688,3281,24000,present,https://rfcx-streams-production.s3.eu-west-1.amazonaws.com/2019/05/16/ahjaw2h5cpk2/e5e2f7aa-58c9-e4c0-19c8-b39544ebf12f.flac?X-Amz-Algorithm=AWS4-HMAC-SHA256&X-Amz-Content-Sha256=UNSIGNED-PAYLOAD&X-Amz-Credential=AKIA45B7YWBX5HAZMGOU%2F20260223%2Feu-west-1%2Fs3%2Faws4_request&X-Amz-Date=20260223T000817Z&X-Amz-Expires=604800&X-Amz-Signature=8ec29031a6c6b70b68cb6e52413e85523178b4d49261fbe99724da170dd25d6b&X-Amz-SignedHeaders=host&response-content-disposition=attachment%3B%20filename%3De5e2f7aa-58c9-e4c0-19c8-b39544ebf12f.flac&x-id=GetObject,0.371131659,5640
MR2am-2019-05-17_03-40.flac,2019 Markham Ravine 2,2019,5,17,3,40,Pseudacris regilla,Common Song,42.77866745,43.18399811,1688,3281,24000,present,https://rfcx-streams-production.s3.eu-west-1.amazonaws.com/2019/05/16/ahjaw2h5cpk2/7a958dcb-a000-a629-2922-ba428b269371.flac?X-Amz-Algorithm=AWS4-HMAC-SHA256&X-Amz-Content-Sha256=UNSIGNED-PAYLOAD&X-Amz-Credential=AKIA45B7YWBX5HAZMGOU%2F20260223%2Feu-west-1%2Fs3%2Faws4_request&X-Amz-Date=20260223T000817Z&X-Amz-Expires=604800&X-Amz-Signature=e55cf32ee62d328ebdac9bc164445cb93fc30e2b103b9f2bb67d06e89e716a74&X-Amz-SignedHeaders=host&response-content-disposition=attachment%3B%20filename%3D7a958dcb-a000-a629-2922-ba428b269371.flac&x-id=GetObject,0.358914137,5640
MR2am-2019-05-17_04-00.flac,2019 Markham Ravine 2,2019,5,17,4,0,Pseudacris regilla,Common Song,4.751999855,5.157333374,1688,3281,24000,present,https://rfcx-streams-production.s3.eu-west-1.amazonaws.com/2019/05/16/ahjaw2h5cpk2/024ae007-c996-d82c-d93f-c9e6445436d2.flac?X-Amz-Algorithm=AWS4-HMAC-SHA256&X-Amz-Content-Sha256=UNSIGNED-PAYLOAD&X-Amz-Credential=AKIA45B7YWBX5HAZMGOU%2F20260223%2Feu-west-1%2Fs3%2Faws4_request&X-Amz-Date=20260223T000816Z&X-Amz-Expires=604800&X-Amz-Signature=ce3de0719fd92a5752a372e2f22f0f67b38ce4abf12938f9458b836b9ee1ed15&X-Amz-SignedHeaders=host&response-content-disposition=attachment%3B%20filename%3D024ae007-c996-d82c-d93f-c9e6445436d2.flac&x-id=GetObject,0.354874134,5640
MR2am-2019-05-17_04-20.flac,2019 Markham Ravine 2,2019,5,17,4,20,Pseudacris regilla,Common Song,15.40266705,15.80799961,1688,3281,24000,present,https://rfcx-streams-production.s3.eu-west-1.amazonaws.com/2019/05/16/ahjaw2h5cpk2/51b55ad2-6ba5-84cf-d915-8002fa41f67f.flac?X-Amz-Algorithm=AWS4-HMAC-SHA256&X-Amz-Content-Sha256=UNSIGNED-PAYLOAD&X-Amz-Credential=AKIA45B7YWBX5HAZMGOU%2F20260223%2Feu-west-1%2Fs3%2Faws4_request&X-Amz-Date=20260223T000817Z&X-Amz-Expires=604800&X-Amz-Signature=806a6690d410eaa64a1201fa5b41c271d3ba7555a557bacd82827f7f2627f590&X-Amz-SignedHeaders=host&response-content-disposition=attachment%3B%20filename%3D51b55ad2-6ba5-84cf-d915-8002fa41f67f.flac&x-id=GetObject,0.272163689,5640
MR2am-2019-05-17_04-40.flac,2019 Markham Ravine 2,2019,5,17,4,40,Pseudacris regilla,Common Song,36.34666824,36.7519989,1688,3281,24000,present,https://rfcx-streams-production.s3.eu-west-1.amazonaws.com/2019/05/16/ahjaw2h5cpk2/f47a9ea4-1064-1c21-10b8-baa2d19bb8f5.flac?X-Amz-Algorithm=AWS4-HMAC-SHA256&X-Amz-Content-Sha256=UNSIGNED-PAYLOAD&X-Amz-Credential=AKIA45B7YWBX5HAZMGOU%2F20260223%2Feu-west-1%2Fs3%2Faws4_request&X-Amz-Date=20260223T000817Z&X-Amz-Expires=604800&X-Amz-Signature=9defb1e43c1633e44db2b7801938d0816bdf6cf4bbb689af232416bd2570f1c8&X-Amz-SignedHeaders=host&response-content-disposition=attachment%3B%20filename%3Df47a9ea4-1064-1c21-10b8-baa2d19bb8f5.flac&x-id=GetObject,0.265458465,5640
MR2am-2019-05-17_05-00.flac,2019 Markham Ravine 2,2019,5,17,5,0,Pseudacris regilla,Common Song,58.54933167,58.95466614,1688,3281,24000,present,https://rfcx-streams-production.s3.eu-west-1.amazonaws.com/2019/05/16/ahjaw2h5cpk2/9e4fc865-7c66-5124-8604-73c51557ab3e.flac?X-Amz-Algorithm=AWS4-HMAC-SHA256&X-Amz-Content-Sha256=UNSIGNED-PAYLOAD&X-Amz-Credential=AKIA45B7YWBX5HAZMGOU%2F20260223%2Feu-west-1%2Fs3%2Faws4_request&X-Amz-Date=20260223T000816Z&X-Amz-Expires=604800&X-Amz-Signature=d2a1b8be480d4bf82840c0af727674a11c331b30f5b424b498e510d6c120ce37&X-Amz-SignedHeaders=host&response-content-disposition=attachment%3B%20filename%3D9e4fc865-7c66-5124-8604-73c51557ab3e.flac&x-id=GetObject,0.32513532,5640
MR2am-2019-05-17_20-40.flac,2019 Markham Ravine 2,2019,5,17,20,40,Pseudacris regilla,Common Song,25.92000008,26.32533264,1688,3281,24000,present,https://rfcx-streams-production.s3.eu-west-1.amazonaws.com/2019/05/17/ahjaw2h5cpk2/ccaf2810-eb1f-3458-cbc9-b9ae9bccc08c.flac?X-Amz-Algorithm=AWS4-HMAC-SHA256&X-Amz-Content-Sha256=UNSIGNED-PAYLOAD&X-Amz-Credential=AKIA45B7YWBX5HAZMGOU%2F20260223%2Feu-west-1%2Fs3%2Faws4_request&X-Amz-Date=20260223T000817Z&X-Amz-Expires=604800&X-Amz-Signature=3887a494851c29b33a3ce8cd59b3a0a97d526d6a79d1995caac768b7b3ce889d&X-Amz-SignedHeaders=host&response-content-disposition=attachment%3B%20filename%3Dccaf2810-eb1f-3458-cbc9-b9ae9bccc08c.flac&x-id=GetObject,0.229018345,5640
MR2am-2019-05-17_21-00.flac,2019 Markham Ravine 2,2019,5,17,21,0,Pseudacris regilla,Common Song,2.245333433,2.650666714,1688,3281,24000,present,https://rfcx-streams-production.s3.eu-west-1.amazonaws.com/2019/05/17/ahjaw2h5cpk2/0f9d79df-a14d-0bea-eb1e-764fe03ff796.flac?X-Amz-Algorithm=AWS4-HMAC-SHA256&X-Amz-Content-Sha256=UNSIGNED-PAYLOAD&X-Amz-Credential=AKIA45B7YWBX5HAZMGOU%2F20260223%2Feu-west-1%2Fs3%2Faws4_request&X-Amz-Date=20260223T000816Z&X-Amz-Expires=604800&X-Amz-Signature=67479de24a49e15d60239dd2a5ca550df751810d2572b03327dd540c8ed7d727&X-Amz-SignedHeaders=host&response-content-disposition=attachment%3B%20filename%3D0f9d79df-a14d-0bea-eb1e-764fe03ff796.flac&x-id=GetObject,0.224356949,5640
MR2am-2019-05-17_21-20.flac,2019 Markham Ravine 2,2019,5,17,21,20,Pseudacris regilla,Common Song,11.19999981,11.60533333,1688,3281,24000,present,https://rfcx-streams-production.s3.eu-west-1.amazonaws.com/2019/05/17/ahjaw2h5cpk2/1c95606d-27f1-dc07-b9cd-4dc899c592aa.flac?X-Amz-Algorithm=AWS4-HMAC-SHA256&X-Amz-Content-Sha256=UNSIGNED-PAYLOAD&X-Amz-Credential=AKIA45B7YWBX5HAZMGOU%2F20260223%2Feu-west-1%2Fs3%2Faws4_request&X-Amz-Date=20260223T000817Z&X-Amz-Expires=604800&X-Amz-Signature=23cc9534388145643ddd3b7c73f15d2ddaf2f0660488e8ed182e871604bb1987&X-Amz-SignedHeaders=host&response-content-disposition=attachment%3B%20filename%3D1c95606d-27f1-dc07-b9cd-4dc899c592aa.flac&x-id=GetObject,0.224975675,5640
MR2am-2019-05-17_23-00.flac,2019 Markham Ravine 2,2019,5,17,23,0,Pseudacris regilla,Common Song,4.368000031,4.773333549,1688,3281,24000,present,https://rfcx-streams-production.s3.eu-west-1.amazonaws.com/2019/05/17/ahjaw2h5cpk2/1db2da45-51e8-0ee9-2f8f-66ff3b59ae72.flac?X-Amz-Algorithm=AWS4-HMAC-SHA256&X-Amz-Content-Sha256=UNSIGNED-PAYLOAD&X-Amz-Credential=AKIA45B7YWBX5HAZMGOU%2F20260223%2Feu-west-1%2Fs3%2Faws4_request&X-Amz-Date=20260223T000816Z&X-Amz-Expires=604800&X-Amz-Signature=6347b1beef3bfe59c8a59e4efa6a4e7636a0206454ce03a8e6a50ae8739213ab&X-Amz-SignedHeaders=host&response-content-disposition=attachment%3B%20filename%3D1db2da45-51e8-0ee9-2f8f-66ff3b59ae72.flac&x-id=GetObject,0.237728149,5640
MR2am-2019-05-17_23-20.flac,2019 Markham Ravine 2,2019,5,17,23,20,Pseudacris regilla,Common Song,3.424000025,3.829333305,1688,3281,24000,present,https://rfcx-streams-production.s3.eu-west-1.amazonaws.com/2019/05/17/ahjaw2h5cpk2/6300efbe-761d-c73c-a0da-d0ccf7f3c6ed.flac?X-Amz-Algorithm=AWS4-HMAC-SHA256&X-Amz-Content-Sha256=UNSIGNED-PAYLOAD&X-Amz-Credential=AKIA45B7YWBX5HAZMGOU%2F20260223%2Feu-west-1%2Fs3%2Faws4_request&X-Amz-Date=20260223T000817Z&X-Amz-Expires=604800&X-Amz-Signature=07b7e268d280f6401ea5adbea8b0c7640f2620fb15bde6c1c1cc314514563c6d&X-Amz-SignedHeaders=host&response-content-disposition=attachment%3B%20filename%3D6300efbe-761d-c73c-a0da-d0ccf7f3c6ed.flac&x-id=GetObject,0.232162043,5640
MR2am-2019-05-17_23-40.flac,2019 Markham Ravine 2,2019,5,17,23,40,Pseudacris regilla,Common Song,54.10666656,54.51200104,1688,3281,24000,present,https://rfcx-streams-production.s3.eu-west-1.amazonaws.com/2019/05/17/ahjaw2h5cpk2/71de604d-2b0a-1729-39e5-fe987ba126fb.flac?X-Amz-Algorithm=AWS4-HMAC-SHA256&X-Amz-Content-Sha256=UNSIGNED-PAYLOAD&X-Amz-Credential=AKIA45B7YWBX5HAZMGOU%2F20260223%2Feu-west-1%2Fs3%2Faws4_request&X-Amz-Date=20260223T000817Z&X-Amz-Expires=604800&X-Amz-Signature=79a3cd697bf7548c7250d83b3f3c89eec18cf29354eeeb8f3955541b44d81fd8&X-Amz-SignedHeaders=host&response-content-disposition=attachment%3B%20filename%3D71de604d-2b0a-1729-39e5-fe987ba126fb.flac&x-id=GetObject,0.298184037,5640
MR2am-2019-05-18_00-00.flac,2019 Markham Ravine 2,2019,5,18,0,0,Pseudacris regilla,Common Song,24.10666656,24.51199913,1688,3281,24000,present,https://rfcx-streams-production.s3.eu-west-1.amazonaws.com/2019/05/17/ahjaw2h5cpk2/389a4a98-da44-656d-df01-74f3aadae9a0.flac?X-Amz-Algorithm=AWS4-HMAC-SHA256&X-Amz-Content-Sha256=UNSIGNED-PAYLOAD&X-Amz-Credential=AKIA45B7YWBX5HAZMGOU%2F20260223%2Feu-west-1%2Fs3%2Faws4_request&X-Amz-Date=20260223T000816Z&X-Amz-Expires=604800&X-Amz-Signature=64df85dc69e9edb1101c1953affb34b0d923653c9fc942b94ab4843d400bf5ca&X-Amz-SignedHeaders=host&response-content-disposition=attachment%3B%20filename%3D389a4a98-da44-656d-df01-74f3aadae9a0.flac&x-id=GetObject,0.214164063,5640
MR2am-2019-05-18_00-20.flac,2019 Markham Ravine 2,2019,5,18,0,20,Pseudacris regilla,Common Song,47.16799927,47.57333374,1688,3281,24000,present,https://rfcx-streams-production.s3.eu-west-1.amazonaws.com/2019/05/17/ahjaw2h5cpk2/eb3d0a1e-e270-1bc0-6306-e5bf2d645bd3.flac?X-Amz-Algorithm=AWS4-HMAC-SHA256&X-Amz-Content-Sha256=UNSIGNED-PAYLOAD&X-Amz-Credential=AKIA45B7YWBX5HAZMGOU%2F20260223%2Feu-west-1%2Fs3%2Faws4_request&X-Amz-Date=20260223T000817Z&X-Amz-Expires=604800&X-Amz-Signature=3d5a17ad95028deb1e771dd6587aba90cf014d713e433355a273bfe15ba26fc9&X-Amz-SignedHeaders=host&response-content-disposition=attachment%3B%20filename%3Deb3d0a1e-e270-1bc0-6306-e5bf2d645bd3.flac&x-id=GetObject,0.257891178,5640
MR2am-2019-05-18_00-40.flac,2019 Markham Ravine 2,2019,5,18,0,40,Pseudacris regilla,Common Song,11.11999989,11.5253334,1688,3281,24000,present,https://rfcx-streams-production.s3.eu-west-1.amazonaws.com/2019/05/17/ahjaw2h5cpk2/6578d704-7fed-c18f-2049-23bcfb79fa28.flac?X-Amz-Algorithm=AWS4-HMAC-SHA256&X-Amz-Content-Sha256=UNSIGNED-PAYLOAD&X-Amz-Credential=AKIA45B7YWBX5HAZMGOU%2F20260223%2Feu-west-1%2Fs3%2Faws4_request&X-Amz-Date=20260223T000817Z&X-Amz-Expires=604800&X-Amz-Signature=497cd1e16d425eacd83399a4097c665f42bb37c08291d20bab864f32183109e1&X-Amz-SignedHeaders=host&response-content-disposition=attachment%3B%20filename%3D6578d704-7fed-c18f-2049-23bcfb79fa28.flac&x-id=GetObject,0.225572407,5640
MR2am-2019-05-18_01-00.flac,2019 Markham Ravine 2,2019,5,18,1,0,Pseudacris regilla,Common Song,47.85599899,48.26133347,1688,3281,24000,present,https://rfcx-streams-production.s3.eu-west-1.amazonaws.com/2019/05/17/ahjaw2h5cpk2/ab4b42c3-f59d-82c1-1c73-b6af61372cbd.flac?X-Amz-Algorithm=AWS4-HMAC-SHA256&X-Amz-Content-Sha256=UNSIGNED-PAYLOAD&X-Amz-Credential=AKIA45B7YWBX5HAZMGOU%2F20260223%2Feu-west-1%2Fs3%2Faws4_request&X-Amz-Date=20260223T000816Z&X-Amz-Expires=604800&X-Amz-Signature=05a5590e9f4f6c9726d2259fb01ae579a7d38d82823adaf1192ccfd48da41d9e&X-Amz-SignedHeaders=host&response-content-disposition=attachment%3B%20filename%3Dab4b42c3-f59d-82c1-1c73-b6af61372cbd.flac&x-id=GetObject,0.265463859,5640
MR2am-2019-05-18_01-20.flac,2019 Markham Ravine 2,2019,5,18,1,20,Pseudacris regilla,Common Song,55.81866837,56.22399902,1688,3281,24000,present,https://rfcx-streams-production.s3.eu-west-1.amazonaws.com/2019/05/17/ahjaw2h5cpk2/fb4b55ba-db5b-1218-80ac-c777b176e3a7.flac?X-Amz-Algorithm=AWS4-HMAC-SHA256&X-Amz-Content-Sha256=UNSIGNED-PAYLOAD&X-Amz-Credential=AKIA45B7YWBX5HAZMGOU%2F20260223%2Feu-west-1%2Fs3%2Faws4_request&X-Amz-Date=20260223T000817Z&X-Amz-Expires=604800&X-Amz-Signature=08b7ae679eb46ef8222d2ebf0d1d9f775805d91980ad39f51f3678361965ba95&X-Amz-SignedHeaders=host&response-content-disposition=attachment%3B%20filename%3Dfb4b55ba-db5b-1218-80ac-c777b176e3a7.flac&x-id=GetObject,0.274372846,5640
MR2am-2019-05-18_01-40.flac,2019 Markham Ravine 2,2019,5,18,1,40,Pseudacris regilla,Common Song,40.25066757,40.65599823,1688,3281,24000,present,https://rfcx-streams-production.s3.eu-west-1.amazonaws.com/2019/05/17/ahjaw2h5cpk2/a004e264-3eca-65b9-74d7-1cc8f7ea8792.flac?X-Amz-Algorithm=AWS4-HMAC-SHA256&X-Amz-Content-Sha256=UNSIGNED-PAYLOAD&X-Amz-Credential=AKIA45B7YWBX5HAZMGOU%2F20260223%2Feu-west-1%2Fs3%2Faws4_request&X-Amz-Date=20260223T000817Z&X-Amz-Expires=604800&X-Amz-Signature=445aa28835bee881d18f7ddcdefc26359a0976ece934920f1f52ab7f0c8cbc91&X-Amz-SignedHeaders=host&response-content-disposition=attachment%3B%20filename%3Da004e264-3eca-65b9-74d7-1cc8f7ea8792.flac&x-id=GetObject,0.292545021,5640
MR2am-2019-05-18_02-00.flac,2019 Markham Ravine 2,2019,5,18,2,0,Pseudacris regilla,Common Song,11.63733292,12.04266644,1688,3281,24000,present,https://rfcx-streams-production.s3.eu-west-1.amazonaws.com/2019/05/17/ahjaw2h5cpk2/3a4f367f-c089-9a5d-eaac-fe49ec299282.flac?X-Amz-Algorithm=AWS4-HMAC-SHA256&X-Amz-Content-Sha256=UNSIGNED-PAYLOAD&X-Amz-Credential=AKIA45B7YWBX5HAZMGOU%2F20260223%2Feu-west-1%2Fs3%2Faws4_request&X-Amz-Date=20260223T000816Z&X-Amz-Expires=604800&X-Amz-Signature=141063ce996f0353135bdb967f4d67d1d092afadeb5a6bff7515d758b9ad1003&X-Amz-SignedHeaders=host&response-content-disposition=attachment%3B%20filename%3D3a4f367f-c089-9a5d-eaac-fe49ec299282.flac&x-id=GetObject,0.269135565,5640
MR2am-2019-05-18_02-20.flac,2019 Markham Ravine 2,2019,5,18,2,20,Pseudacris regilla,Common Song,46.26666641,46.67200089,1688,3281,24000,present,https://rfcx-streams-production.s3.eu-west-1.amazonaws.com/2019/05/17/ahjaw2h5cpk2/5a374904-543c-6da5-7df4-e6d319653a4d.flac?X-Amz-Algorithm=AWS4-HMAC-SHA256&X-Amz-Content-Sha256=UNSIGNED-PAYLOAD&X-Amz-Credential=AKIA45B7YWBX5HAZMGOU%2F20260223%2Feu-west-1%2Fs3%2Faws4_request&X-Amz-Date=20260223T000817Z&X-Amz-Expires=604800&X-Amz-Signature=61717b49ba557f0d0d996e3b35fb149bb52acf8937c068e053d4aa603ec60c1e&X-Amz-SignedHeaders=host&response-content-disposition=attachment%3B%20filename%3D5a374904-543c-6da5-7df4-e6d319653a4d.flac&x-id=GetObject,0.361530423,5640
MR2am-2019-05-18_02-40.flac,2019 Markham Ravine 2,2019,5,18,2,40,Pseudacris regilla,Common Song,39.62133408,40.02666855,1688,3281,24000,present,https://rfcx-streams-production.s3.eu-west-1.amazonaws.com/2019/05/17/ahjaw2h5cpk2/1cc7ecea-57c4-68fd-3952-0b7752a6338e.flac?X-Amz-Algorithm=AWS4-HMAC-SHA256&X-Amz-Content-Sha256=UNSIGNED-PAYLOAD&X-Amz-Credential=AKIA45B7YWBX5HAZMGOU%2F20260223%2Feu-west-1%2Fs3%2Faws4_request&X-Amz-Date=20260223T000817Z&X-Amz-Expires=604800&X-Amz-Signature=097bdf7c1191584d3bdd699e681b3b9450e7164c10d7cc94861abbccff81c125&X-Amz-SignedHeaders=host&response-content-disposition=attachment%3B%20filename%3D1cc7ecea-57c4-68fd-3952-0b7752a6338e.flac&x-id=GetObject,0.31826371,5640
MR2am-2019-05-18_03-00.flac,2019 Markham Ravine 2,2019,5,18,3,0,Pseudacris regilla,Common Song,8.847999573,9.253333092,1688,3281,24000,present,https://rfcx-streams-production.s3.eu-west-1.amazonaws.com/2019/05/17/ahjaw2h5cpk2/999c3c02-b91c-6cd7-11c1-32085c0f1731.flac?X-Amz-Algorithm=AWS4-HMAC-SHA256&X-Amz-Content-Sha256=UNSIGNED-PAYLOAD&X-Amz-Credential=AKIA45B7YWBX5HAZMGOU%2F20260223%2Feu-west-1%2Fs3%2Faws4_request&X-Amz-Date=20260223T000816Z&X-Amz-Expires=604800&X-Amz-Signature=3bbdae5c34e17c73d275237db1df81a34eb50e4dde79b99ce51b3a4277395afc&X-Amz-SignedHeaders=host&response-content-disposition=attachment%3B%20filename%3D999c3c02-b91c-6cd7-11c1-32085c0f1731.flac&x-id=GetObject,0.356397569,5640
MR2am-2019-05-18_03-20.flac,2019 Markham Ravine 2,2019,5,18,3,20,Pseudacris regilla,Common Song,56.67733383,57.0826683,1688,3281,24000,present,https://rfcx-streams-production.s3.eu-west-1.amazonaws.com/2019/05/17/ahjaw2h5cpk2/3d755a24-3376-a31b-971e-e185d6411e37.flac?X-Amz-Algorithm=AWS4-HMAC-SHA256&X-Amz-Content-Sha256=UNSIGNED-PAYLOAD&X-Amz-Credential=AKIA45B7YWBX5HAZMGOU%2F20260223%2Feu-west-1%2Fs3%2Faws4_request&X-Amz-Date=20260223T000817Z&X-Amz-Expires=604800&X-Amz-Signature=325e823aade4a00abc19bdc2aade0dd86649454ad717d354c44c9c2f3677d662&X-Amz-SignedHeaders=host&response-content-disposition=attachment%3B%20filename%3D3d755a24-3376-a31b-971e-e185d6411e37.flac&x-id=GetObject,0.208085358,5640
MR2am-2019-05-18_04-00.flac,2019 Markham Ravine 2,2019,5,18,4,0,Pseudacris regilla,Common Song,59.20000076,59.60533524,1688,3281,24000,present,https://rfcx-streams-production.s3.eu-west-1.amazonaws.com/2019/05/17/ahjaw2h5cpk2/02968ecc-53df-9f00-5a9b-4d69f7205f86.flac?X-Amz-Algorithm=AWS4-HMAC-SHA256&X-Amz-Content-Sha256=UNSIGNED-PAYLOAD&X-Amz-Credential=AKIA45B7YWBX5HAZMGOU%2F20260223%2Feu-west-1%2Fs3%2Faws4_request&X-Amz-Date=20260223T000816Z&X-Amz-Expires=604800&X-Amz-Signature=5ef4419b81b644c4e2d1e645278c98dd8cd2fa1a6f154f031b35791cb52d7b66&X-Amz-SignedHeaders=host&response-content-disposition=attachment%3B%20filename%3D02968ecc-53df-9f00-5a9b-4d69f7205f86.flac&x-id=GetObject,0.226889312,5640
MR2am-2019-05-18_04-20.flac,2019 Markham Ravine 2,2019,5,18,4,20,Pseudacris regilla,Common Song,13.35999966,13.76533318,1688,3281,24000,present,https://rfcx-streams-production.s3.eu-west-1.amazonaws.com/2019/05/17/ahjaw2h5cpk2/67891a32-4a2b-e12f-fcf3-d6ba66b9499d.flac?X-Amz-Algorithm=AWS4-HMAC-SHA256&X-Amz-Content-Sha256=UNSIGNED-PAYLOAD&X-Amz-Credential=AKIA45B7YWBX5HAZMGOU%2F20260223%2Feu-west-1%2Fs3%2Faws4_request&X-Amz-Date=20260223T000817Z&X-Amz-Expires=604800&X-Amz-Signature=9198553f6c9c43736c10dd21d81e76df3b8db634f8b3e94aab85d2184d795f21&X-Amz-SignedHeaders=host&response-content-disposition=attachment%3B%20filename%3D67891a32-4a2b-e12f-fcf3-d6ba66b9499d.flac&x-id=GetObject,0.31609866,5640
MR2am-2019-05-18_04-40.flac,2019 Markham Ravine 2,2019,5,18,4,40,Pseudacris regilla,Common Song,31.98933411,32.39466476,1688,3281,24000,present,https://rfcx-streams-production.s3.eu-west-1.amazonaws.com/2019/05/17/ahjaw2h5cpk2/5c983279-5f83-116d-0f50-e1289c5a1074.flac?X-Amz-Algorithm=AWS4-HMAC-SHA256&X-Amz-Content-Sha256=UNSIGNED-PAYLOAD&X-Amz-Credential=AKIA45B7YWBX5HAZMGOU%2F20260223%2Feu-west-1%2Fs3%2Faws4_request&X-Amz-Date=20260223T000817Z&X-Amz-Expires=604800&X-Amz-Signature=60eca502207fb6a274b6446e7c328f706acbc1c1ab57019ecc498b6e53eed34e&X-Amz-SignedHeaders=host&response-content-disposition=attachment%3B%20filename%3D5c983279-5f83-116d-0f50-e1289c5a1074.flac&x-id=GetObject,0.207761794,5640
MR2am-2019-05-18_05-00.flac,2019 Markham Ravine 2,2019,5,18,5,0,Pseudacris regilla,Common Song,34.61333466,35.01866531,1688,3281,24000,present,https://rfcx-streams-production.s3.eu-west-1.amazonaws.com/2019/05/17/ahjaw2h5cpk2/5beeda69-5f13-778b-176c-4cab006ca39e.flac?X-Amz-Algorithm=AWS4-HMAC-SHA256&X-Amz-Content-Sha256=UNSIGNED-PAYLOAD&X-Amz-Credential=AKIA45B7YWBX5HAZMGOU%2F20260223%2Feu-west-1%2Fs3%2Faws4_request&X-Amz-Date=20260223T000816Z&X-Amz-Expires=604800&X-Amz-Signature=21b3e5058068443a7f7d63c848baf9ca7e75c072874b58c6c32f5df51925aea9&X-Amz-SignedHeaders=host&response-content-disposition=attachment%3B%20filename%3D5beeda69-5f13-778b-176c-4cab006ca39e.flac&x-id=GetObject,0.223874226,5640
MR2am-2019-05-18_20-20.flac,2019 Markham Ravine 2,2019,5,18,20,20,Pseudacris regilla,Common Song,38.77866745,39.18399811,1688,3281,24000,present,https://rfcx-streams-production.s3.eu-west-1.amazonaws.com/2019/05/18/ahjaw2h5cpk2/d703e96c-a725-4c16-b220-794d55254b84.flac?X-Amz-Algorithm=AWS4-HMAC-SHA256&X-Amz-Content-Sha256=UNSIGNED-PAYLOAD&X-Amz-Credential=AKIA45B7YWBX5HAZMGOU%2F20260223%2Feu-west-1%2Fs3%2Faws4_request&X-Amz-Date=20260223T000817Z&X-Amz-Expires=604800&X-Amz-Signature=5ff77531818b4666d15041abb50bf1adc29aa41e318c91c2eca92dbbc3e3a78f&X-Amz-SignedHeaders=host&response-content-disposition=attachment%3B%20filename%3Dd703e96c-a725-4c16-b220-794d55254b84.flac&x-id=GetObject,0.280705392,5640
MR2am-2019-05-18_20-40.flac,2019 Markham Ravine 2,2019,5,18,20,40,Pseudacris regilla,Common Song,8.778666496,9.184000015,1688,3281,24000,present,https://rfcx-streams-production.s3.eu-west-1.amazonaws.com/2019/05/18/ahjaw2h5cpk2/66590713-a6b3-10d1-ed25-a014692a0680.flac?X-Amz-Algorithm=AWS4-HMAC-SHA256&X-Amz-Content-Sha256=UNSIGNED-PAYLOAD&X-Amz-Credential=AKIA45B7YWBX5HAZMGOU%2F20260223%2Feu-west-1%2Fs3%2Faws4_request&X-Amz-Date=20260223T000817Z&X-Amz-Expires=604800&X-Amz-Signature=962f66d3b7279bc05482026b87e84c07eab5bc9f3c05dd9ad9c955d110e32fb9&X-Amz-SignedHeaders=host&response-content-disposition=attachment%3B%20filename%3D66590713-a6b3-10d1-ed25-a014692a0680.flac&x-id=GetObject,0.307981253,5640
MR2am-2019-05-18_21-00.flac,2019 Markham Ravine 2,2019,5,18,21,0,Pseudacris regilla,Common Song,14.34133339,14.74666691,1688,3281,24000,present,https://rfcx-streams-production.s3.eu-west-1.amazonaws.com/2019/05/18/ahjaw2h5cpk2/721f7d69-581f-4128-bd94-bcffc5cf37a0.flac?X-Amz-Algorithm=AWS4-HMAC-SHA256&X-Amz-Content-Sha256=UNSIGNED-PAYLOAD&X-Amz-Credential=AKIA45B7YWBX5HAZMGOU%2F20260223%2Feu-west-1%2Fs3%2Faws4_request&X-Amz-Date=20260223T000816Z&X-Amz-Expires=604800&X-Amz-Signature=2e8b5b8b30a5c2e5e98e4cc97229ba1ddd607e08997bb9e855c59f95c7266c9c&X-Amz-SignedHeaders=host&response-content-disposition=attachment%3B%20filename%3D721f7d69-581f-4128-bd94-bcffc5cf37a0.flac&x-id=GetObject,0.242004573,5640
MR2am-2019-05-18_21-20.flac,2019 Markham Ravine 2,2019,5,18,21,20,Pseudacris regilla,Common Song,13.13599968,13.5413332,1688,3281,24000,present,https://rfcx-streams-production.s3.eu-west-1.amazonaws.com/2019/05/18/ahjaw2h5cpk2/cfa47b44-67f1-a63f-fa87-59ca75ecde61.flac?X-Amz-Algorithm=AWS4-HMAC-SHA256&X-Amz-Content-Sha256=UNSIGNED-PAYLOAD&X-Amz-Credential=AKIA45B7YWBX5HAZMGOU%2F20260223%2Feu-west-1%2Fs3%2Faws4_request&X-Amz-Date=20260223T000817Z&X-Amz-Expires=604800&X-Amz-Signature=ba7dd9a8a6e4cb09cb65badaef6f5066d915d78e69e2b81a0f035bfb99db75b5&X-Amz-SignedHeaders=host&response-content-disposition=attachment%3B%20filename%3Dcfa47b44-67f1-a63f-fa87-59ca75ecde61.flac&x-id=GetObject,0.249125823,5640
MR2am-2019-05-18_22-00.flac,2019 Markham Ravine 2,2019,5,18,22,0,Pseudacris regilla,Common Song,7.696000099,8.101333618,1688,3281,24000,present,https://rfcx-streams-production.s3.eu-west-1.amazonaws.com/2019/05/18/ahjaw2h5cpk2/ed1e54f3-24f3-2ffa-cf66-d2767306b104.flac?X-Amz-Algorithm=AWS4-HMAC-SHA256&X-Amz-Content-Sha256=UNSIGNED-PAYLOAD&X-Amz-Credential=AKIA45B7YWBX5HAZMGOU%2F20260223%2Feu-west-1%2Fs3%2Faws4_request&X-Amz-Date=20260223T000816Z&X-Amz-Expires=604800&X-Amz-Signature=81e0c2fcb0316995388c2245f2f6f7c3088d8d1aba1f760d84af022bca1513bd&X-Amz-SignedHeaders=host&response-content-disposition=attachment%3B%20filename%3Ded1e54f3-24f3-2ffa-cf66-d2767306b104.flac&x-id=GetObject,0.342563629,5640
MR2am-2019-05-18_23-40.flac,2019 Markham Ravine 2,2019,5,18,23,40,Pseudacris regilla,Common Song,8.623999596,9.029333115,1688,3281,24000,present,https://rfcx-streams-production.s3.eu-west-1.amazonaws.com/2019/05/18/ahjaw2h5cpk2/457fbe78-a383-1550-7f83-aa7f81845b94.flac?X-Amz-Algorithm=AWS4-HMAC-SHA256&X-Amz-Content-Sha256=UNSIGNED-PAYLOAD&X-Amz-Credential=AKIA45B7YWBX5HAZMGOU%2F20260223%2Feu-west-1%2Fs3%2Faws4_request&X-Amz-Date=20260223T000817Z&X-Amz-Expires=604800&X-Amz-Signature=936b875e6f4bb4195454ab136b7acb57e9721628c7b75bca6ebe25ca3e04ffe0&X-Amz-SignedHeaders=host&response-content-disposition=attachment%3B%20filename%3D457fbe78-a383-1550-7f83-aa7f81845b94.flac&x-id=GetObject,0.268584877,5640
MR2am-2019-05-19_01-20.flac,2019 Markham Ravine 2,2019,5,19,1,20,Pseudacris regilla,Common Song,34.72000122,35.12533188,1688,3281,24000,present,https://rfcx-streams-production.s3.eu-west-1.amazonaws.com/2019/05/18/ahjaw2h5cpk2/bf5825ff-f6c9-bb67-af77-b6ddafd18517.flac?X-Amz-Algorithm=AWS4-HMAC-SHA256&X-Amz-Content-Sha256=UNSIGNED-PAYLOAD&X-Amz-Credential=AKIA45B7YWBX5HAZMGOU%2F20260223%2Feu-west-1%2Fs3%2Faws4_request&X-Amz-Date=20260223T000817Z&X-Amz-Expires=604800&X-Amz-Signature=4c5d60bb61c5286650ba45b8898f3c6f8567b0dcb1af7785d9c4042f429f4812&X-Amz-SignedHeaders=host&response-content-disposition=attachment%3B%20filename%3Dbf5825ff-f6c9-bb67-af77-b6ddafd18517.flac&x-id=GetObject,0.233097494,5640
MR2am-2019-05-19_01-40.flac,2019 Markham Ravine 2,2019,5,19,1,40,Pseudacris regilla,Common Song,53.45600128,53.86133194,1688,3281,24000,present,https://rfcx-streams-production.s3.eu-west-1.amazonaws.com/2019/05/18/ahjaw2h5cpk2/f31d9048-7d3a-74d6-8191-06abc75229c2.flac?X-Amz-Algorithm=AWS4-HMAC-SHA256&X-Amz-Content-Sha256=UNSIGNED-PAYLOAD&X-Amz-Credential=AKIA45B7YWBX5HAZMGOU%2F20260223%2Feu-west-1%2Fs3%2Faws4_request&X-Amz-Date=20260223T000817Z&X-Amz-Expires=604800&X-Amz-Signature=77fae03eb3f2c6fb25652cab3a4221e6cb4b59f9c762b4c0837d67a198469a9c&X-Amz-SignedHeaders=host&response-content-disposition=attachment%3B%20filename%3Df31d9048-7d3a-74d6-8191-06abc75229c2.flac&x-id=GetObject,0.252536714,5640
MR2am-2019-05-19_02-00.flac,2019 Markham Ravine 2,2019,5,19,2,0,Pseudacris regilla,Common Song,27.66399956,28.06933403,1688,3281,24000,present,https://rfcx-streams-production.s3.eu-west-1.amazonaws.com/2019/05/18/ahjaw2h5cpk2/df5520b6-118f-ee88-8d77-c98a2c62d2d0.flac?X-Amz-Algorithm=AWS4-HMAC-SHA256&X-Amz-Content-Sha256=UNSIGNED-PAYLOAD&X-Amz-Credential=AKIA45B7YWBX5HAZMGOU%2F20260223%2Feu-west-1%2Fs3%2Faws4_request&X-Amz-Date=20260223T000816Z&X-Amz-Expires=604800&X-Amz-Signature=1bd01868223243949042b23bc44ef9896a99878bbb739a737a92392256aa73e3&X-Amz-SignedHeaders=host&response-content-disposition=attachment%3B%20filename%3Ddf5520b6-118f-ee88-8d77-c98a2c62d2d0.flac&x-id=GetObject,0.253526598,5640
MR2am-2019-05-19_02-20.flac,2019 Markham Ravine 2,2019,5,19,2,20,Pseudacris regilla,Common Song,30.81599998,31.22133255,1688,3281,24000,present,https://rfcx-streams-production.s3.eu-west-1.amazonaws.com/2019/05/18/ahjaw2h5cpk2/5a887df6-2dbf-d05d-6710-90bc8f4bde7b.flac?X-Amz-Algorithm=AWS4-HMAC-SHA256&X-Amz-Content-Sha256=UNSIGNED-PAYLOAD&X-Amz-Credential=AKIA45B7YWBX5HAZMGOU%2F20260223%2Feu-west-1%2Fs3%2Faws4_request&X-Amz-Date=20260223T000817Z&X-Amz-Expires=604800&X-Amz-Signature=d90efe67397e4e2762c69447f8ed455435b5e106bd51345583ecd1942bae5559&X-Amz-SignedHeaders=host&response-content-disposition=attachment%3B%20filename%3D5a887df6-2dbf-d05d-6710-90bc8f4bde7b.flac&x-id=GetObject,0.439879477,5640
MR2am-2019-05-19_02-40.flac,2019 Markham Ravine 2,2019,5,19,2,40,Pseudacris regilla,Common Song,30.96533394,31.3706665,1688,3281,24000,present,https://rfcx-streams-production.s3.eu-west-1.amazonaws.com/2019/05/18/ahjaw2h5cpk2/43755ed3-210e-853f-298b-db8fba1a4cde.flac?X-Amz-Algorithm=AWS4-HMAC-SHA256&X-Amz-Content-Sha256=UNSIGNED-PAYLOAD&X-Amz-Credential=AKIA45B7YWBX5HAZMGOU%2F20260223%2Feu-west-1%2Fs3%2Faws4_request&X-Amz-Date=20260223T000817Z&X-Amz-Expires=604800&X-Amz-Signature=d581953e7a9c2b9745d8cf69b07554ad6017f0d914bc51b43deaeac5cf19ea14&X-Amz-SignedHeaders=host&response-content-disposition=attachment%3B%20filename%3D43755ed3-210e-853f-298b-db8fba1a4cde.flac&x-id=GetObject,0.26682657,5640
MR2am-2019-05-19_03-20.flac,2019 Markham Ravine 2,2019,5,19,3,20,Pseudacris regilla,Common Song,30.09066582,30.49600029,1688,3281,24000,present,https://rfcx-streams-production.s3.eu-west-1.amazonaws.com/2019/05/18/ahjaw2h5cpk2/30b867da-6fb1-5f39-7d46-7f23b2f3140c.flac?X-Amz-Algorithm=AWS4-HMAC-SHA256&X-Amz-Content-Sha256=UNSIGNED-PAYLOAD&X-Amz-Credential=AKIA45B7YWBX5HAZMGOU%2F20260223%2Feu-west-1%2Fs3%2Faws4_request&X-Amz-Date=20260223T000817Z&X-Amz-Expires=604800&X-Amz-Signature=72d139f84fad10b0b33042c00cc3746f8aea70b93cd905f93649990749f3a747&X-Amz-SignedHeaders=host&response-content-disposition=attachment%3B%20filename%3D30b867da-6fb1-5f39-7d46-7f23b2f3140c.flac&x-id=GetObject,0.387734413,5640
MR2am-2019-05-19_03-40.flac,2019 Markham Ravine 2,2019,5,19,3,40,Pseudacris regilla,Common Song,28.13333321,28.53866577,1688,3281,24000,present,https://rfcx-streams-production.s3.eu-west-1.amazonaws.com/2019/05/18/ahjaw2h5cpk2/1bdd0342-2910-9e23-cc99-d727e0081593.flac?X-Amz-Algorithm=AWS4-HMAC-SHA256&X-Amz-Content-Sha256=UNSIGNED-PAYLOAD&X-Amz-Credential=AKIA45B7YWBX5HAZMGOU%2F20260223%2Feu-west-1%2Fs3%2Faws4_request&X-Amz-Date=20260223T000817Z&X-Amz-Expires=604800&X-Amz-Signature=a687f10669b0068aa1a7b4f898ee48452750af3c8d98078fa3ba38d86946b40c&X-Amz-SignedHeaders=host&response-content-disposition=attachment%3B%20filename%3D1bdd0342-2910-9e23-cc99-d727e0081593.flac&x-id=GetObject,0.372081667,5640
MR2am-2019-05-19_04-00.flac,2019 Markham Ravine 2,2019,5,19,4,0,Pseudacris regilla,Common Song,18.4533329,18.85866737,1688,3281,24000,present,https://rfcx-streams-production.s3.eu-west-1.amazonaws.com/2019/05/18/ahjaw2h5cpk2/419ad1bb-b6c3-e5d4-d0ed-679613a56a49.flac?X-Amz-Algorithm=AWS4-HMAC-SHA256&X-Amz-Content-Sha256=UNSIGNED-PAYLOAD&X-Amz-Credential=AKIA45B7YWBX5HAZMGOU%2F20260223%2Feu-west-1%2Fs3%2Faws4_request&X-Amz-Date=20260223T000816Z&X-Amz-Expires=604800&X-Amz-Signature=c87f65ce388ed73a6f01c903399eb94de7a7e2c3a51afbcf49965becc93dcb7d&X-Amz-SignedHeaders=host&response-content-disposition=attachment%3B%20filename%3D419ad1bb-b6c3-e5d4-d0ed-679613a56a49.flac&x-id=GetObject,0.449407607,5640
MR2am-2019-05-19_04-20.flac,2019 Markham Ravine 2,2019,5,19,4,20,Pseudacris regilla,Common Song,7.599999905,8.005332947,1688,3281,24000,present,https://rfcx-streams-production.s3.eu-west-1.amazonaws.com/2019/05/18/ahjaw2h5cpk2/530c52de-44dd-4865-5bf8-3f13d1fc6cfd.flac?X-Amz-Algorithm=AWS4-HMAC-SHA256&X-Amz-Content-Sha256=UNSIGNED-PAYLOAD&X-Amz-Credential=AKIA45B7YWBX5HAZMGOU%2F20260223%2Feu-west-1%2Fs3%2Faws4_request&X-Amz-Date=20260223T000817Z&X-Amz-Expires=604800&X-Amz-Signature=15feabb791dd9c67bd29eb4a3cc3e3ceb53a9686fa7dbdc1ab5dc8b67a2f3ebc&X-Amz-SignedHeaders=host&response-content-disposition=attachment%3B%20filename%3D530c52de-44dd-4865-5bf8-3f13d1fc6cfd.flac&x-id=GetObject,0.414657921,5640
MR2am-2019-05-19_04-40.flac,2019 Markham Ravine 2,2019,5,19,4,40,Pseudacris regilla,Common Song,0.693333328,1.098666668,1688,3281,24000,present,https://rfcx-streams-production.s3.eu-west-1.amazonaws.com/2019/05/18/ahjaw2h5cpk2/1dc3318a-7e27-ff2a-a822-3955768afa31.flac?X-Amz-Algorithm=AWS4-HMAC-SHA256&X-Amz-Content-Sha256=UNSIGNED-PAYLOAD&X-Amz-Credential=AKIA45B7YWBX5HAZMGOU%2F20260223%2Feu-west-1%2Fs3%2Faws4_request&X-Amz-Date=20260223T000817Z&X-Amz-Expires=604800&X-Amz-Signature=b62661cb9a2655476a10cf26932abb666ff94b9a34d4efbe3c3906b83e30317a&X-Amz-SignedHeaders=host&response-content-disposition=attachment%3B%20filename%3D1dc3318a-7e27-ff2a-a822-3955768afa31.flac&x-id=GetObject,0.542981029,5640
MR2am-2019-05-19_05-00.flac,2019 Markham Ravine 2,2019,5,19,5,0,Pseudacris regilla,Common Song,19.92000008,20.32533264,1688,3281,24000,present,https://rfcx-streams-production.s3.eu-west-1.amazonaws.com/2019/05/18/ahjaw2h5cpk2/f5f22541-a27c-6040-f100-e5d385d3ff80.flac?X-Amz-Algorithm=AWS4-HMAC-SHA256&X-Amz-Content-Sha256=UNSIGNED-PAYLOAD&X-Amz-Credential=AKIA45B7YWBX5HAZMGOU%2F20260223%2Feu-west-1%2Fs3%2Faws4_request&X-Amz-Date=20260223T000816Z&X-Amz-Expires=604800&X-Amz-Signature=3cb2335a9458d47e65e5afe08914d1e36242995f34e28f51a0c8fdd5a46cf8b1&X-Amz-SignedHeaders=host&response-content-disposition=attachment%3B%20filename%3Df5f22541-a27c-6040-f100-e5d385d3ff80.flac&x-id=GetObject,0.378770679,5640
MR2am-2019-05-19_05-20.flac,2019 Markham Ravine 2,2019,5,19,5,20,Pseudacris regilla,Common Song,39.88800049,40.29333496,1688,3281,24000,present,https://rfcx-streams-production.s3.eu-west-1.amazonaws.com/2019/05/18/ahjaw2h5cpk2/6aabd6cd-c2cd-7958-0d3f-9354f8a2494b.flac?X-Amz-Algorithm=AWS4-HMAC-SHA256&X-Amz-Content-Sha256=UNSIGNED-PAYLOAD&X-Amz-Credential=AKIA45B7YWBX5HAZMGOU%2F20260223%2Feu-west-1%2Fs3%2Faws4_request&X-Amz-Date=20260223T000817Z&X-Amz-Expires=604800&X-Amz-Signature=6138352a8ba1dadbce4e3bad64a04fea63c628d294fd066592dd8ba873dbde87&X-Amz-SignedHeaders=host&response-content-disposition=attachment%3B%20filename%3D6aabd6cd-c2cd-7958-0d3f-9354f8a2494b.flac&x-id=GetObject,0.508379698,5640
MR2am-2019-05-19_05-40.flac,2019 Markham Ravine 2,2019,5,19,5,40,Pseudacris regilla,Common Song,5.024000168,5.42933321,1688,3281,24000,present,https://rfcx-streams-production.s3.eu-west-1.amazonaws.com/2019/05/18/ahjaw2h5cpk2/787fddc4-96ac-3692-78ea-6356df9814f3.flac?X-Amz-Algorithm=AWS4-HMAC-SHA256&X-Amz-Content-Sha256=UNSIGNED-PAYLOAD&X-Amz-Credential=AKIA45B7YWBX5HAZMGOU%2F20260223%2Feu-west-1%2Fs3%2Faws4_request&X-Amz-Date=20260223T000817Z&X-Amz-Expires=604800&X-Amz-Signature=c91768d21d393a11147f05ac2875c06e3a97754902c41c2f213d8243d110ccbf&X-Amz-SignedHeaders=host&response-content-disposition=attachment%3B%20filename%3D787fddc4-96ac-3692-78ea-6356df9814f3.flac&x-id=GetObject,0.385345459,5640
MR2am-2019-05-19_06-00.flac,2019 Markham Ravine 2,2019,5,19,6,0,Pseudacris regilla,Common Song,32.62400055,33.02933502,1688,3281,24000,present,https://rfcx-streams-production.s3.eu-west-1.amazonaws.com/2019/05/18/ahjaw2h5cpk2/dcae1ae1-90f8-3b95-73b7-4b616d6c0d58.flac?X-Amz-Algorithm=AWS4-HMAC-SHA256&X-Amz-Content-Sha256=UNSIGNED-PAYLOAD&X-Amz-Credential=AKIA45B7YWBX5HAZMGOU%2F20260223%2Feu-west-1%2Fs3%2Faws4_request&X-Amz-Date=20260223T000816Z&X-Amz-Expires=604800&X-Amz-Signature=de120d54114bc64acf518b3696e054af8a6fd433eaad4f03100caf665b8a9e39&X-Amz-SignedHeaders=host&response-content-disposition=attachment%3B%20filename%3Ddcae1ae1-90f8-3b95-73b7-4b616d6c0d58.flac&x-id=GetObject,0.382614523,5640
MR2am-2019-05-19_06-20.flac,2019 Markham Ravine 2,2019,5,19,6,20,Pseudacris regilla,Common Song,50.9066658,51.31200027,1688,3281,24000,present,https://rfcx-streams-production.s3.eu-west-1.amazonaws.com/2019/05/18/ahjaw2h5cpk2/1f59380e-d519-8855-4cd9-93392a3df734.flac?X-Amz-Algorithm=AWS4-HMAC-SHA256&X-Amz-Content-Sha256=UNSIGNED-PAYLOAD&X-Amz-Credential=AKIA45B7YWBX5HAZMGOU%2F20260223%2Feu-west-1%2Fs3%2Faws4_request&X-Amz-Date=20260223T000817Z&X-Amz-Expires=604800&X-Amz-Signature=2333dbc244e3120a16684576a0e2274c746a1e54ff5b7371ac08acbd2e375498&X-Amz-SignedHeaders=host&response-content-disposition=attachment%3B%20filename%3D1f59380e-d519-8855-4cd9-93392a3df734.flac&x-id=GetObject,0.385324568,5640
MR2am-2019-05-19_20-00.flac,2019 Markham Ravine 2,2019,5,19,20,0,Pseudacris regilla,Common Song,52.91199875,53.31733322,1688,3281,24000,present,https://rfcx-streams-production.s3.eu-west-1.amazonaws.com/2019/05/19/ahjaw2h5cpk2/c89c1c6a-bc81-543d-1676-fc545eb9824b.flac?X-Amz-Algorithm=AWS4-HMAC-SHA256&X-Amz-Content-Sha256=UNSIGNED-PAYLOAD&X-Amz-Credential=AKIA45B7YWBX5HAZMGOU%2F20260223%2Feu-west-1%2Fs3%2Faws4_request&X-Amz-Date=20260223T000816Z&X-Amz-Expires=604800&X-Amz-Signature=349a0dc2cca29cb7c3c59cb5463d65761bfbf5460c44001de4168922614c21ed&X-Amz-SignedHeaders=host&response-content-disposition=attachment%3B%20filename%3Dc89c1c6a-bc81-543d-1676-fc545eb9824b.flac&x-id=GetObject,0.313064218,5640
MR2am-2019-05-19_20-20.flac,2019 Markham Ravine 2,2019,5,19,20,20,Pseudacris regilla,Common Song,5.461333275,5.866666794,1688,3281,24000,present,https://rfcx-streams-production.s3.eu-west-1.amazonaws.com/2019/05/19/ahjaw2h5cpk2/94094906-b609-dc1f-5cd2-eec89f92a737.flac?X-Amz-Algorithm=AWS4-HMAC-SHA256&X-Amz-Content-Sha256=UNSIGNED-PAYLOAD&X-Amz-Credential=AKIA45B7YWBX5HAZMGOU%2F20260223%2Feu-west-1%2Fs3%2Faws4_request&X-Amz-Date=20260223T000817Z&X-Amz-Expires=604800&X-Amz-Signature=a4fe3e0f9a2b8b3ba94397f776cdcfca17a3fa7880018ed989601d0bbbc5a4a9&X-Amz-SignedHeaders=host&response-content-disposition=attachment%3B%20filename%3D94094906-b609-dc1f-5cd2-eec89f92a737.flac&x-id=GetObject,0.218041763,5640
MR2am-2019-05-19_20-40.flac,2019 Markham Ravine 2,2019,5,19,20,40,Pseudacris regilla,Common Song,20.19733238,20.60266685,1688,3281,24000,present,https://rfcx-streams-production.s3.eu-west-1.amazonaws.com/2019/05/19/ahjaw2h5cpk2/0004c786-cae5-ef6f-3a7b-3f585823b124.flac?X-Amz-Algorithm=AWS4-HMAC-SHA256&X-Amz-Content-Sha256=UNSIGNED-PAYLOAD&X-Amz-Credential=AKIA45B7YWBX5HAZMGOU%2F20260223%2Feu-west-1%2Fs3%2Faws4_request&X-Amz-Date=20260223T000817Z&X-Amz-Expires=604800&X-Amz-Signature=c2ebefe30da2daa3cc1e000a84370ff8562dcfeebaedb4f49bc04de1afa636a5&X-Amz-SignedHeaders=host&response-content-disposition=attachment%3B%20filename%3D0004c786-cae5-ef6f-3a7b-3f585823b124.flac&x-id=GetObject,0.201003119,5640
MR2am-2019-05-19_21-20.flac,2019 Markham Ravine 2,2019,5,19,21,20,Pseudacris regilla,Common Song,19.60000038,20.00533295,1688,3281,24000,present,https://rfcx-streams-production.s3.eu-west-1.amazonaws.com/2019/05/19/ahjaw2h5cpk2/4025539f-e225-2cb9-363e-da278ee0a35c.flac?X-Amz-Algorithm=AWS4-HMAC-SHA256&X-Amz-Content-Sha256=UNSIGNED-PAYLOAD&X-Amz-Credential=AKIA45B7YWBX5HAZMGOU%2F20260223%2Feu-west-1%2Fs3%2Faws4_request&X-Amz-Date=20260223T000817Z&X-Amz-Expires=604800&X-Amz-Signature=430508915c11e6118aadf975e366ff607bd95c00eee68234ae1676942ecb59df&X-Amz-SignedHeaders=host&response-content-disposition=attachment%3B%20filename%3D4025539f-e225-2cb9-363e-da278ee0a35c.flac&x-id=GetObject,0.215977028,5640
MR2am-2019-05-19_21-40.flac,2019 Markham Ravine 2,2019,5,19,21,40,Pseudacris regilla,Common Song,55.21066666,55.61600113,1688,3281,24000,present,https://rfcx-streams-production.s3.eu-west-1.amazonaws.com/2019/05/19/ahjaw2h5cpk2/a876892d-d659-1ff6-16c6-76a960d9e879.flac?X-Amz-Algorithm=AWS4-HMAC-SHA256&X-Amz-Content-Sha256=UNSIGNED-PAYLOAD&X-Amz-Credential=AKIA45B7YWBX5HAZMGOU%2F20260223%2Feu-west-1%2Fs3%2Faws4_request&X-Amz-Date=20260223T000817Z&X-Amz-Expires=604800&X-Amz-Signature=bbf7b4d2f4d01fdc7e47ad3191886dc80260c0bf8553c963c7689a5c38417db8&X-Amz-SignedHeaders=host&response-content-disposition=attachment%3B%20filename%3Da876892d-d659-1ff6-16c6-76a960d9e879.flac&x-id=GetObject,0.204308599,5640
MR2am-2019-05-19_22-00.flac,2019 Markham Ravine 2,2019,5,19,22,0,Pseudacris regilla,Common Song,36.98133469,37.38666534,1688,3281,24000,present,https://rfcx-streams-production.s3.eu-west-1.amazonaws.com/2019/05/19/ahjaw2h5cpk2/322b2f02-b0f3-155f-f54c-c29b408496b0.flac?X-Amz-Algorithm=AWS4-HMAC-SHA256&X-Amz-Content-Sha256=UNSIGNED-PAYLOAD&X-Amz-Credential=AKIA45B7YWBX5HAZMGOU%2F20260223%2Feu-west-1%2Fs3%2Faws4_request&X-Amz-Date=20260223T000816Z&X-Amz-Expires=604800&X-Amz-Signature=02f5cf3942fae38367b3dbf067c36eebcc0310ba4692354e020707b5027f0b51&X-Amz-SignedHeaders=host&response-content-disposition=attachment%3B%20filename%3D322b2f02-b0f3-155f-f54c-c29b408496b0.flac&x-id=GetObject,0.268310755,5640
MR2am-2019-05-19_22-20.flac,2019 Markham Ravine 2,2019,5,19,22,20,Pseudacris regilla,Common Song,14.63466644,15.03999996,1688,3281,24000,present,https://rfcx-streams-production.s3.eu-west-1.amazonaws.com/2019/05/19/ahjaw2h5cpk2/fe14d532-dd64-44be-c229-d8b085f8665a.flac?X-Amz-Algorithm=AWS4-HMAC-SHA256&X-Amz-Content-Sha256=UNSIGNED-PAYLOAD&X-Amz-Credential=AKIA45B7YWBX5HAZMGOU%2F20260223%2Feu-west-1%2Fs3%2Faws4_request&X-Amz-Date=20260223T000817Z&X-Amz-Expires=604800&X-Amz-Signature=8970ab4a0f3d199736eefe655dc6b10cb93caf324498aa53781864ef499677ef&X-Amz-SignedHeaders=host&response-content-disposition=attachment%3B%20filename%3Dfe14d532-dd64-44be-c229-d8b085f8665a.flac&x-id=GetObject,0.27505222,5640
MR2am-2019-05-19_23-20.flac,2019 Markham Ravine 2,2019,5,19,23,20,Pseudacris regilla,Common Song,27.49866676,27.90399933,1688,3281,24000,present,https://rfcx-streams-production.s3.eu-west-1.amazonaws.com/2019/05/19/ahjaw2h5cpk2/328dafc3-850b-a1b4-ac33-c53fd8f558e1.flac?X-Amz-Algorithm=AWS4-HMAC-SHA256&X-Amz-Content-Sha256=UNSIGNED-PAYLOAD&X-Amz-Credential=AKIA45B7YWBX5HAZMGOU%2F20260223%2Feu-west-1%2Fs3%2Faws4_request&X-Amz-Date=20260223T000817Z&X-Amz-Expires=604800&X-Amz-Signature=4fd967d7c39cd52908cf934b2f64a82b326a0d3bc8bf78460c6f7a4c44a22598&X-Amz-SignedHeaders=host&response-content-disposition=attachment%3B%20filename%3D328dafc3-850b-a1b4-ac33-c53fd8f558e1.flac&x-id=GetObject,0.289261401,5640
MR2am-2019-05-20_00-00.flac,2019 Markham Ravine 2,2019,5,20,0,0,Pseudacris regilla,Common Song,16.22933388,16.63466644,1688,3281,24000,present,https://rfcx-streams-production.s3.eu-west-1.amazonaws.com/2019/05/19/ahjaw2h5cpk2/451f1c20-be26-4a8d-1ebd-48133f9ec8cc.flac?X-Amz-Algorithm=AWS4-HMAC-SHA256&X-Amz-Content-Sha256=UNSIGNED-PAYLOAD&X-Amz-Credential=AKIA45B7YWBX5HAZMGOU%2F20260223%2Feu-west-1%2Fs3%2Faws4_request&X-Amz-Date=20260223T000816Z&X-Amz-Expires=604800&X-Amz-Signature=25a79de5a36c7f35749441675e2d718ab548d2f8fb4ebe43f4619a8fe6fe6c15&X-Amz-SignedHeaders=host&response-content-disposition=attachment%3B%20filename%3D451f1c20-be26-4a8d-1ebd-48133f9ec8cc.flac&x-id=GetObject,0.265948623,5640
MR2am-2019-05-20_00-40.flac,2019 Markham Ravine 2,2019,5,20,0,40,Pseudacris regilla,Common Song,17.55733299,17.96266747,1688,3281,24000,present,https://rfcx-streams-production.s3.eu-west-1.amazonaws.com/2019/05/19/ahjaw2h5cpk2/d45e1ab9-b971-af43-f803-830fb4054f7d.flac?X-Amz-Algorithm=AWS4-HMAC-SHA256&X-Amz-Content-Sha256=UNSIGNED-PAYLOAD&X-Amz-Credential=AKIA45B7YWBX5HAZMGOU%2F20260223%2Feu-west-1%2Fs3%2Faws4_request&X-Amz-Date=20260223T000817Z&X-Amz-Expires=604800&X-Amz-Signature=c6e6182ca0a6d0ed0d0b70e51b738b6a2787d188e8bce0cb5e4795d47923b4a0&X-Amz-SignedHeaders=host&response-content-disposition=attachment%3B%20filename%3Dd45e1ab9-b971-af43-f803-830fb4054f7d.flac&x-id=GetObject,0.23551254,5640
MR2am-2019-05-20_01-00.flac,2019 Markham Ravine 2,2019,5,20,1,0,Pseudacris regilla,Common Song,58.45333481,58.85866547,1688,3281,24000,present,https://rfcx-streams-production.s3.eu-west-1.amazonaws.com/2019/05/19/ahjaw2h5cpk2/e251c80c-f409-98aa-8dbe-ae5bf6e13436.flac?X-Amz-Algorithm=AWS4-HMAC-SHA256&X-Amz-Content-Sha256=UNSIGNED-PAYLOAD&X-Amz-Credential=AKIA45B7YWBX5HAZMGOU%2F20260223%2Feu-west-1%2Fs3%2Faws4_request&X-Amz-Date=20260223T000816Z&X-Amz-Expires=604800&X-Amz-Signature=286fb223e683044c473d915bbb807d248962dffdb3dfad780a57c3cd545a1cc4&X-Amz-SignedHeaders=host&response-content-disposition=attachment%3B%20filename%3De251c80c-f409-98aa-8dbe-ae5bf6e13436.flac&x-id=GetObject,0.220863491,5640
MR2am-2019-05-20_01-20.flac,2019 Markham Ravine 2,2019,5,20,1,20,Pseudacris regilla,Common Song,57.10400009,57.50933456,1688,3281,24000,present,https://rfcx-streams-production.s3.eu-west-1.amazonaws.com/2019/05/19/ahjaw2h5cpk2/ea8e7cd7-e07e-930b-b174-fa49774490f8.flac?X-Amz-Algorithm=AWS4-HMAC-SHA256&X-Amz-Content-Sha256=UNSIGNED-PAYLOAD&X-Amz-Credential=AKIA45B7YWBX5HAZMGOU%2F20260223%2Feu-west-1%2Fs3%2Faws4_request&X-Amz-Date=20260223T000817Z&X-Amz-Expires=604800&X-Amz-Signature=fd853ee673b2adb3c43a213923f92fb8c642f67a133ff24f86921592d2cc9eeb&X-Amz-SignedHeaders=host&response-content-disposition=attachment%3B%20filename%3Dea8e7cd7-e07e-930b-b174-fa49774490f8.flac&x-id=GetObject,0.270885646,5640
MR2am-2019-05-20_01-40.flac,2019 Markham Ravine 2,2019,5,20,1,40,Pseudacris regilla,Common Song,32.82133484,33.2266655,1688,3281,24000,present,https://rfcx-streams-production.s3.eu-west-1.amazonaws.com/2019/05/19/ahjaw2h5cpk2/607f1cfe-b775-4c86-214a-15d19d53fc06.flac?X-Amz-Algorithm=AWS4-HMAC-SHA256&X-Amz-Content-Sha256=UNSIGNED-PAYLOAD&X-Amz-Credential=AKIA45B7YWBX5HAZMGOU%2F20260223%2Feu-west-1%2Fs3%2Faws4_request&X-Amz-Date=20260223T000817Z&X-Amz-Expires=604800&X-Amz-Signature=21455470e0245db27c89864d98d3f84f188b737aa596c2434bcbd79fb38c38b5&X-Amz-SignedHeaders=host&response-content-disposition=attachment%3B%20filename%3D607f1cfe-b775-4c86-214a-15d19d53fc06.flac&x-id=GetObject,0.290298104,5640
MR2am-2019-05-20_02-00.flac,2019 Markham Ravine 2,2019,5,20,2,0,Pseudacris regilla,Common Song,46.58666611,46.99200058,1688,3281,24000,present,https://rfcx-streams-production.s3.eu-west-1.amazonaws.com/2019/05/19/ahjaw2h5cpk2/6f84e366-0f10-2b4d-9662-f53d6592260b.flac?X-Amz-Algorithm=AWS4-HMAC-SHA256&X-Amz-Content-Sha256=UNSIGNED-PAYLOAD&X-Amz-Credential=AKIA45B7YWBX5HAZMGOU%2F20260223%2Feu-west-1%2Fs3%2Faws4_request&X-Amz-Date=20260223T000816Z&X-Amz-Expires=604800&X-Amz-Signature=e483992b1a025238cf02b71fb4fdaa0242ee2f6dca7a5a06445d981c085ffe26&X-Amz-SignedHeaders=host&response-content-disposition=attachment%3B%20filename%3D6f84e366-0f10-2b4d-9662-f53d6592260b.flac&x-id=GetObject,0.332087815,5640
MR2am-2019-05-20_02-20.flac,2019 Markham Ravine 2,2019,5,20,2,20,Pseudacris regilla,Common Song,17.47733307,17.88266754,1688,3281,24000,present,https://rfcx-streams-production.s3.eu-west-1.amazonaws.com/2019/05/19/ahjaw2h5cpk2/89661e8d-c1c3-0903-1381-8e73eeb51747.flac?X-Amz-Algorithm=AWS4-HMAC-SHA256&X-Amz-Content-Sha256=UNSIGNED-PAYLOAD&X-Amz-Credential=AKIA45B7YWBX5HAZMGOU%2F20260223%2Feu-west-1%2Fs3%2Faws4_request&X-Amz-Date=20260223T000817Z&X-Amz-Expires=604800&X-Amz-Signature=88491f3aeece8e13742812a77afc483c0575b9628739bf73cdc02f1de9852629&X-Amz-SignedHeaders=host&response-content-disposition=attachment%3B%20filename%3D89661e8d-c1c3-0903-1381-8e73eeb51747.flac&x-id=GetObject,0.269946843,5640
MR2am-2019-05-20_02-40.flac,2019 Markham Ravine 2,2019,5,20,2,40,Pseudacris regilla,Common Song,17.73866653,18.1439991,1688,3281,24000,present,https://rfcx-streams-production.s3.eu-west-1.amazonaws.com/2019/05/19/ahjaw2h5cpk2/ea4d8b84-fa57-3978-fdb1-a7efa7b4cb81.flac?X-Amz-Algorithm=AWS4-HMAC-SHA256&X-Amz-Content-Sha256=UNSIGNED-PAYLOAD&X-Amz-Credential=AKIA45B7YWBX5HAZMGOU%2F20260223%2Feu-west-1%2Fs3%2Faws4_request&X-Amz-Date=20260223T000817Z&X-Amz-Expires=604800&X-Amz-Signature=c502e36e46e783ba7eb9ff79489a814cec3c9788aaa9f813ffb8784094f5e6fb&X-Amz-SignedHeaders=host&response-content-disposition=attachment%3B%20filename%3Dea4d8b84-fa57-3978-fdb1-a7efa7b4cb81.flac&x-id=GetObject,0.319700718,5640
MR2am-2019-05-20_03-00.flac,2019 Markham Ravine 2,2019,5,20,3,0,Pseudacris regilla,Common Song,3.749333382,4.154666901,1688,3281,24000,present,https://rfcx-streams-production.s3.eu-west-1.amazonaws.com/2019/05/19/ahjaw2h5cpk2/8df132ed-b3d1-3ca6-ba82-f0d9a91865f6.flac?X-Amz-Algorithm=AWS4-HMAC-SHA256&X-Amz-Content-Sha256=UNSIGNED-PAYLOAD&X-Amz-Credential=AKIA45B7YWBX5HAZMGOU%2F20260223%2Feu-west-1%2Fs3%2Faws4_request&X-Amz-Date=20260223T000816Z&X-Amz-Expires=604800&X-Amz-Signature=b968bdae2d05ca9fc34c272dcb7eebf80404dd697cbec85ccbb3e841ef879291&X-Amz-SignedHeaders=host&response-content-disposition=attachment%3B%20filename%3D8df132ed-b3d1-3ca6-ba82-f0d9a91865f6.flac&x-id=GetObject,0.252761513,5640
MR2am-2019-05-20_03-20.flac,2019 Markham Ravine 2,2019,5,20,3,20,Pseudacris regilla,Common Song,44.86399841,45.26933289,1688,3281,24000,present,https://rfcx-streams-production.s3.eu-west-1.amazonaws.com/2019/05/19/ahjaw2h5cpk2/2f798e06-2f66-9d58-6f61-41655af1af7a.flac?X-Amz-Algorithm=AWS4-HMAC-SHA256&X-Amz-Content-Sha256=UNSIGNED-PAYLOAD&X-Amz-Credential=AKIA45B7YWBX5HAZMGOU%2F20260223%2Feu-west-1%2Fs3%2Faws4_request&X-Amz-Date=20260223T000817Z&X-Amz-Expires=604800&X-Amz-Signature=138e75486687efe1e2d36e31310a35a3b84b58318a45d01d4918204f0a57b484&X-Amz-SignedHeaders=host&response-content-disposition=attachment%3B%20filename%3D2f798e06-2f66-9d58-6f61-41655af1af7a.flac&x-id=GetObject,0.295062006,5640
MR2am-2019-05-20_03-40.flac,2019 Markham Ravine 2,2019,5,20,3,40,Pseudacris regilla,Common Song,34.38399887,34.78933334,1688,3281,24000,present,https://rfcx-streams-production.s3.eu-west-1.amazonaws.com/2019/05/19/ahjaw2h5cpk2/6455e3d8-f4b3-490f-87dc-167fc21f01db.flac?X-Amz-Algorithm=AWS4-HMAC-SHA256&X-Amz-Content-Sha256=UNSIGNED-PAYLOAD&X-Amz-Credential=AKIA45B7YWBX5HAZMGOU%2F20260223%2Feu-west-1%2Fs3%2Faws4_request&X-Amz-Date=20260223T000817Z&X-Amz-Expires=604800&X-Amz-Signature=fd6ce063d9073317d2014578e79a5e14ff64d15bc14ea1a3ed20c65b39bb99a4&X-Amz-SignedHeaders=host&response-content-disposition=attachment%3B%20filename%3D6455e3d8-f4b3-490f-87dc-167fc21f01db.flac&x-id=GetObject,0.241324991,5640
MR2am-2019-05-20_04-00.flac,2019 Markham Ravine 2,2019,5,20,4,0,Pseudacris regilla,Common Song,18.14933395,18.55466652,1688,3281,24000,present,https://rfcx-streams-production.s3.eu-west-1.amazonaws.com/2019/05/19/ahjaw2h5cpk2/9309290d-2e8b-5d57-3fcd-8f2a0568770f.flac?X-Amz-Algorithm=AWS4-HMAC-SHA256&X-Amz-Content-Sha256=UNSIGNED-PAYLOAD&X-Amz-Credential=AKIA45B7YWBX5HAZMGOU%2F20260223%2Feu-west-1%2Fs3%2Faws4_request&X-Amz-Date=20260223T000816Z&X-Amz-Expires=604800&X-Amz-Signature=2a6137eccd58b96d52ab68c6abf8b19e9f0142ffe47eb7a031d7e28e69c19f07&X-Amz-SignedHeaders=host&response-content-disposition=attachment%3B%20filename%3D9309290d-2e8b-5d57-3fcd-8f2a0568770f.flac&x-id=GetObject,0.278292596,5640
MR2am-2019-05-20_04-40.flac,2019 Markham Ravine 2,2019,5,20,4,40,Pseudacris regilla,Common Song,1.343999982,1.749333382,1688,3281,24000,present,https://rfcx-streams-production.s3.eu-west-1.amazonaws.com/2019/05/19/ahjaw2h5cpk2/d8b91a62-8a30-7629-2257-f434fd24ad78.flac?X-Amz-Algorithm=AWS4-HMAC-SHA256&X-Amz-Content-Sha256=UNSIGNED-PAYLOAD&X-Amz-Credential=AKIA45B7YWBX5HAZMGOU%2F20260223%2Feu-west-1%2Fs3%2Faws4_request&X-Amz-Date=20260223T000817Z&X-Amz-Expires=604800&X-Amz-Signature=56c3f58e9987f3e9511f490abc3f78a0abff4f87fb084175a508ba4d35437890&X-Amz-SignedHeaders=host&response-content-disposition=attachment%3B%20filename%3Dd8b91a62-8a30-7629-2257-f434fd24ad78.flac&x-id=GetObject,0.287213087,5640
MR2am-2019-05-20_05-00.flac,2019 Markham Ravine 2,2019,5,20,5,0,Pseudacris regilla,Common Song,17.26933289,17.67466736,1688,3281,24000,present,https://rfcx-streams-production.s3.eu-west-1.amazonaws.com/2019/05/19/ahjaw2h5cpk2/43b24b50-bb95-bf85-c1ce-5e8d8697cfbe.flac?X-Amz-Algorithm=AWS4-HMAC-SHA256&X-Amz-Content-Sha256=UNSIGNED-PAYLOAD&X-Amz-Credential=AKIA45B7YWBX5HAZMGOU%2F20260223%2Feu-west-1%2Fs3%2Faws4_request&X-Amz-Date=20260223T000816Z&X-Amz-Expires=604800&X-Amz-Signature=42d4189258bcbbceb5a6dc2cd63153cdb9725c7aae73c2e6e961df63a7269de0&X-Amz-SignedHeaders=host&response-content-disposition=attachment%3B%20filename%3D43b24b50-bb95-bf85-c1ce-5e8d8697cfbe.flac&x-id=GetObject,0.306188554,5640
MR2am-2019-05-20_20-20.flac,2019 Markham Ravine 2,2019,5,20,20,20,Pseudacris regilla,Common Song,57.0826683,57.48799896,1688,3281,24000,present,https://rfcx-streams-production.s3.eu-west-1.amazonaws.com/2019/05/20/ahjaw2h5cpk2/a28ec942-0204-5d80-c985-fd914c2cf330.flac?X-Amz-Algorithm=AWS4-HMAC-SHA256&X-Amz-Content-Sha256=UNSIGNED-PAYLOAD&X-Amz-Credential=AKIA45B7YWBX5HAZMGOU%2F20260223%2Feu-west-1%2Fs3%2Faws4_request&X-Amz-Date=20260223T000817Z&X-Amz-Expires=604800&X-Amz-Signature=6dfe2d5b72399c1948bee42d4b1b36ebe4a28c8a639dc4f29cbe5a8d107747a3&X-Amz-SignedHeaders=host&response-content-disposition=attachment%3B%20filename%3Da28ec942-0204-5d80-c985-fd914c2cf330.flac&x-id=GetObject,0.245475367,5640
MR2am-2019-05-20_20-40.flac,2019 Markham Ravine 2,2019,5,20,20,40,Pseudacris regilla,Common Song,49.04533386,49.45066833,1688,3281,24000,present,https://rfcx-streams-production.s3.eu-west-1.amazonaws.com/2019/05/20/ahjaw2h5cpk2/0eecb480-d577-d64f-3441-6dd5466c7856.flac?X-Amz-Algorithm=AWS4-HMAC-SHA256&X-Amz-Content-Sha256=UNSIGNED-PAYLOAD&X-Amz-Credential=AKIA45B7YWBX5HAZMGOU%2F20260223%2Feu-west-1%2Fs3%2Faws4_request&X-Amz-Date=20260223T000817Z&X-Amz-Expires=604800&X-Amz-Signature=e2c77c869bec199184a83785a159d15f0b066dee7c7630be927daa9f02b2a2a7&X-Amz-SignedHeaders=host&response-content-disposition=attachment%3B%20filename%3D0eecb480-d577-d64f-3441-6dd5466c7856.flac&x-id=GetObject,0.250815034,5640
MR2am-2019-05-20_21-20.flac,2019 Markham Ravine 2,2019,5,20,21,20,Pseudacris regilla,Common Song,3.061333418,3.466666698,1688,3281,24000,present,https://rfcx-streams-production.s3.eu-west-1.amazonaws.com/2019/05/20/ahjaw2h5cpk2/4cf783a8-2a4b-2d27-2ce3-236e24fc8e23.flac?X-Amz-Algorithm=AWS4-HMAC-SHA256&X-Amz-Content-Sha256=UNSIGNED-PAYLOAD&X-Amz-Credential=AKIA45B7YWBX5HAZMGOU%2F20260223%2Feu-west-1%2Fs3%2Faws4_request&X-Amz-Date=20260223T000817Z&X-Amz-Expires=604800&X-Amz-Signature=a664d559d169ee0021dcd1abd5143467fdedf4b18f10eb56703752cc223f212b&X-Amz-SignedHeaders=host&response-content-disposition=attachment%3B%20filename%3D4cf783a8-2a4b-2d27-2ce3-236e24fc8e23.flac&x-id=GetObject,0.244006962,5640
MR2am-2019-05-20_21-40.flac,2019 Markham Ravine 2,2019,5,20,21,40,Pseudacris regilla,Common Song,18.92266655,19.32799911,1688,3281,24000,present,https://rfcx-streams-production.s3.eu-west-1.amazonaws.com/2019/05/20/ahjaw2h5cpk2/48fb5b68-b356-4229-1517-ee543842ec3a.flac?X-Amz-Algorithm=AWS4-HMAC-SHA256&X-Amz-Content-Sha256=UNSIGNED-PAYLOAD&X-Amz-Credential=AKIA45B7YWBX5HAZMGOU%2F20260223%2Feu-west-1%2Fs3%2Faws4_request&X-Amz-Date=20260223T000817Z&X-Amz-Expires=604800&X-Amz-Signature=e337493b55fa377a1985e2d18177e76d45d3ae902683504242d554ea2c5fa9a3&X-Amz-SignedHeaders=host&response-content-disposition=attachment%3B%20filename%3D48fb5b68-b356-4229-1517-ee543842ec3a.flac&x-id=GetObject,0.313092589,5640
MR2am-2019-05-20_22-00.flac,2019 Markham Ravine 2,2019,5,20,22,0,Pseudacris regilla,Common Song,10.36266708,10.76799965,1688,3281,24000,present,https://rfcx-streams-production.s3.eu-west-1.amazonaws.com/2019/05/20/ahjaw2h5cpk2/45d8bb27-e358-aa13-0d98-e4ef0dea8219.flac?X-Amz-Algorithm=AWS4-HMAC-SHA256&X-Amz-Content-Sha256=UNSIGNED-PAYLOAD&X-Amz-Credential=AKIA45B7YWBX5HAZMGOU%2F20260223%2Feu-west-1%2Fs3%2Faws4_request&X-Amz-Date=20260223T000816Z&X-Amz-Expires=604800&X-Amz-Signature=ce8e93db88cebf2f86bb2dce9ae61cb711ca05d1091b81d0d1591cd1398d2f76&X-Amz-SignedHeaders=host&response-content-disposition=attachment%3B%20filename%3D45d8bb27-e358-aa13-0d98-e4ef0dea8219.flac&x-id=GetObject,0.22188817,5640
MR2am-2019-05-20_23-00.flac,2019 Markham Ravine 2,2019,5,20,23,0,Pseudacris regilla,Common Song,43.43999863,43.8453331,1688,3281,24000,present,https://rfcx-streams-production.s3.eu-west-1.amazonaws.com/2019/05/20/ahjaw2h5cpk2/cc0608ae-3574-3879-8f7e-3ddacdf83ebb.flac?X-Amz-Algorithm=AWS4-HMAC-SHA256&X-Amz-Content-Sha256=UNSIGNED-PAYLOAD&X-Amz-Credential=AKIA45B7YWBX5HAZMGOU%2F20260223%2Feu-west-1%2Fs3%2Faws4_request&X-Amz-Date=20260223T000816Z&X-Amz-Expires=604800&X-Amz-Signature=64b8a88de7747689d01a09253bb936d23f17ce1c639e61ce21e51a5cc78b1597&X-Amz-SignedHeaders=host&response-content-disposition=attachment%3B%20filename%3Dcc0608ae-3574-3879-8f7e-3ddacdf83ebb.flac&x-id=GetObject,0.230690822,5640
MR2am-2019-05-20_23-20.flac,2019 Markham Ravine 2,2019,5,20,23,20,Pseudacris regilla,Common Song,58.69866562,59.10400009,1688,3281,24000,present,https://rfcx-streams-production.s3.eu-west-1.amazonaws.com/2019/05/20/ahjaw2h5cpk2/18fe4472-a2f3-fb66-b682-a8d2c5db4c82.flac?X-Amz-Algorithm=AWS4-HMAC-SHA256&X-Amz-Content-Sha256=UNSIGNED-PAYLOAD&X-Amz-Credential=AKIA45B7YWBX5HAZMGOU%2F20260223%2Feu-west-1%2Fs3%2Faws4_request&X-Amz-Date=20260223T000817Z&X-Amz-Expires=604800&X-Amz-Signature=90f257b775609023a2244279302b2bab3ae48571d14bcefa15459df6290aef19&X-Amz-SignedHeaders=host&response-content-disposition=attachment%3B%20filename%3D18fe4472-a2f3-fb66-b682-a8d2c5db4c82.flac&x-id=GetObject,0.282970935,5640
MR2am-2019-05-21_00-00.flac,2019 Markham Ravine 2,2019,5,21,0,0,Pseudacris regilla,Common Song,48.12266541,48.52799988,1688,3281,24000,present,https://rfcx-streams-production.s3.eu-west-1.amazonaws.com/2019/05/20/ahjaw2h5cpk2/d03f6a0a-9e1b-f0a5-1a43-7f3749c21f43.flac?X-Amz-Algorithm=AWS4-HMAC-SHA256&X-Amz-Content-Sha256=UNSIGNED-PAYLOAD&X-Amz-Credential=AKIA45B7YWBX5HAZMGOU%2F20260223%2Feu-west-1%2Fs3%2Faws4_request&X-Amz-Date=20260223T000816Z&X-Amz-Expires=604800&X-Amz-Signature=01b11c72f9bba86edb1eb74010080f7525002ad858c442ea780d2c654550cdf4&X-Amz-SignedHeaders=host&response-content-disposition=attachment%3B%20filename%3Dd03f6a0a-9e1b-f0a5-1a43-7f3749c21f43.flac&x-id=GetObject,0.242583781,5640
MR2am-2019-05-21_00-40.flac,2019 Markham Ravine 2,2019,5,21,0,40,Pseudacris regilla,Common Song,0.074666664,0.479999989,1688,3281,24000,present,https://rfcx-streams-production.s3.eu-west-1.amazonaws.com/2019/05/20/ahjaw2h5cpk2/4feb2b59-c637-a874-0cbc-793fc496ffe6.flac?X-Amz-Algorithm=AWS4-HMAC-SHA256&X-Amz-Content-Sha256=UNSIGNED-PAYLOAD&X-Amz-Credential=AKIA45B7YWBX5HAZMGOU%2F20260223%2Feu-west-1%2Fs3%2Faws4_request&X-Amz-Date=20260223T000817Z&X-Amz-Expires=604800&X-Amz-Signature=ec9d2cd60ef37fbf891041c9f79b8b3f9ae21dcc9e5507c13fd3e60e22d14ccb&X-Amz-SignedHeaders=host&response-content-disposition=attachment%3B%20filename%3D4feb2b59-c637-a874-0cbc-793fc496ffe6.flac&x-id=GetObject,0.327984482,5640
MR2am-2019-05-21_01-00.flac,2019 Markham Ravine 2,2019,5,21,1,0,Pseudacris regilla,Common Song,5.440000057,5.845333099,1688,3281,24000,present,https://rfcx-streams-production.s3.eu-west-1.amazonaws.com/2019/05/20/ahjaw2h5cpk2/ac5bb259-0304-8276-ac14-9f7e5df2c19d.flac?X-Amz-Algorithm=AWS4-HMAC-SHA256&X-Amz-Content-Sha256=UNSIGNED-PAYLOAD&X-Amz-Credential=AKIA45B7YWBX5HAZMGOU%2F20260223%2Feu-west-1%2Fs3%2Faws4_request&X-Amz-Date=20260223T000816Z&X-Amz-Expires=604800&X-Amz-Signature=e96ba7717264f919e3d6ca6a3ad6a0532858223876b6e0f62cc5b294285ead7a&X-Amz-SignedHeaders=host&response-content-disposition=attachment%3B%20filename%3Dac5bb259-0304-8276-ac14-9f7e5df2c19d.flac&x-id=GetObject,0.326507747,5640
MR2am-2019-05-21_01-20.flac,2019 Markham Ravine 2,2019,5,21,1,20,Pseudacris regilla,Common Song,53.402668,53.80799866,1688,3281,24000,present,https://rfcx-streams-production.s3.eu-west-1.amazonaws.com/2019/05/20/ahjaw2h5cpk2/b1d2f411-57ca-46dd-df50-8549791c5f0e.flac?X-Amz-Algorithm=AWS4-HMAC-SHA256&X-Amz-Content-Sha256=UNSIGNED-PAYLOAD&X-Amz-Credential=AKIA45B7YWBX5HAZMGOU%2F20260223%2Feu-west-1%2Fs3%2Faws4_request&X-Amz-Date=20260223T000817Z&X-Amz-Expires=604800&X-Amz-Signature=19a5e11549c126b5a5826ac860f78622d85a514de762c6d42ce41a461db6de4d&X-Amz-SignedHeaders=host&response-content-disposition=attachment%3B%20filename%3Db1d2f411-57ca-46dd-df50-8549791c5f0e.flac&x-id=GetObject,0.307857573,5640
MR2am-2019-05-21_01-40.flac,2019 Markham Ravine 2,2019,5,21,1,40,Pseudacris regilla,Common Song,33.47200012,33.87733459,1688,3281,24000,present,https://rfcx-streams-production.s3.eu-west-1.amazonaws.com/2019/05/20/ahjaw2h5cpk2/e018d215-7d73-2ddf-fd9a-861e8b6e40d9.flac?X-Amz-Algorithm=AWS4-HMAC-SHA256&X-Amz-Content-Sha256=UNSIGNED-PAYLOAD&X-Amz-Credential=AKIA45B7YWBX5HAZMGOU%2F20260223%2Feu-west-1%2Fs3%2Faws4_request&X-Amz-Date=20260223T000817Z&X-Amz-Expires=604800&X-Amz-Signature=b75e9f959f81e077c82511c22de82d30ca8dbc701300359e7c2fe12325989729&X-Amz-SignedHeaders=host&response-content-disposition=attachment%3B%20filename%3De018d215-7d73-2ddf-fd9a-861e8b6e40d9.flac&x-id=GetObject,0.228232414,5640
MR2am-2019-05-21_02-40.flac,2019 Markham Ravine 2,2019,5,21,2,40,Pseudacris regilla,Common Song,46.69333267,47.09866714,1688,3281,24000,present,https://rfcx-streams-production.s3.eu-west-1.amazonaws.com/2019/05/20/ahjaw2h5cpk2/72599cf6-0c34-0762-6393-023ead036934.flac?X-Amz-Algorithm=AWS4-HMAC-SHA256&X-Amz-Content-Sha256=UNSIGNED-PAYLOAD&X-Amz-Credential=AKIA45B7YWBX5HAZMGOU%2F20260223%2Feu-west-1%2Fs3%2Faws4_request&X-Amz-Date=20260223T000817Z&X-Amz-Expires=604800&X-Amz-Signature=424b0d50162815bd7f99bbf26b73994b1dc2a66dac81add8035701403e574a69&X-Amz-SignedHeaders=host&response-content-disposition=attachment%3B%20filename%3D72599cf6-0c34-0762-6393-023ead036934.flac&x-id=GetObject,0.249464929,5640
MR2am-2019-05-21_22-00.flac,2019 Markham Ravine 2,2019,5,21,22,0,Pseudacris regilla,Common Song,3.568000078,3.973333359,1688,3281,24000,present,https://rfcx-streams-production.s3.eu-west-1.amazonaws.com/2019/05/21/ahjaw2h5cpk2/1cf3e996-4fab-56a4-d885-ff6b4cfa8ad9.flac?X-Amz-Algorithm=AWS4-HMAC-SHA256&X-Amz-Content-Sha256=UNSIGNED-PAYLOAD&X-Amz-Credential=AKIA45B7YWBX5HAZMGOU%2F20260223%2Feu-west-1%2Fs3%2Faws4_request&X-Amz-Date=20260223T000816Z&X-Amz-Expires=604800&X-Amz-Signature=c9098961b3705fb11ab498fde4442abb3106db1749000139b577fab1a587c573&X-Amz-SignedHeaders=host&response-content-disposition=attachment%3B%20filename%3D1cf3e996-4fab-56a4-d885-ff6b4cfa8ad9.flac&x-id=GetObject,0.239781037,5640
MR2am-2019-05-21_22-20.flac,2019 Markham Ravine 2,2019,5,21,22,20,Pseudacris regilla,Common Song,26.6079998,27.01333427,1688,3281,24000,present,https://rfcx-streams-production.s3.eu-west-1.amazonaws.com/2019/05/21/ahjaw2h5cpk2/fef44c32-471c-fb83-e2d2-b699b1866d7b.flac?X-Amz-Algorithm=AWS4-HMAC-SHA256&X-Amz-Content-Sha256=UNSIGNED-PAYLOAD&X-Amz-Credential=AKIA45B7YWBX5HAZMGOU%2F20260223%2Feu-west-1%2Fs3%2Faws4_request&X-Amz-Date=20260223T000818Z&X-Amz-Expires=604800&X-Amz-Signature=4269d50cd6dff1e1c309056a0c1d13f5d80bcf2fe2f5692f11d4d126104287ef&X-Amz-SignedHeaders=host&response-content-disposition=attachment%3B%20filename%3Dfef44c32-471c-fb83-e2d2-b699b1866d7b.flac&x-id=GetObject,0.256446064,5640
MR2am-2019-05-21_22-40.flac,2019 Markham Ravine 2,2019,5,21,22,40,Pseudacris regilla,Common Song,2.512000084,2.917333364,1688,3281,24000,present,https://rfcx-streams-production.s3.eu-west-1.amazonaws.com/2019/05/21/ahjaw2h5cpk2/f25ee2ba-b35a-8806-6bb5-50863355054d.flac?X-Amz-Algorithm=AWS4-HMAC-SHA256&X-Amz-Content-Sha256=UNSIGNED-PAYLOAD&X-Amz-Credential=AKIA45B7YWBX5HAZMGOU%2F20260223%2Feu-west-1%2Fs3%2Faws4_request&X-Amz-Date=20260223T000818Z&X-Amz-Expires=604800&X-Amz-Signature=83fac3c7ff1f8be437bf81a8a668e56794cffc5a04a242d6c6b3dd0896fd6b22&X-Amz-SignedHeaders=host&response-content-disposition=attachment%3B%20filename%3Df25ee2ba-b35a-8806-6bb5-50863355054d.flac&x-id=GetObject,0.231606811,5640
MR2am-2019-05-21_23-00.flac,2019 Markham Ravine 2,2019,5,21,23,0,Pseudacris regilla,Common Song,56.86933517,57.27466583,1688,3281,24000,present,https://rfcx-streams-production.s3.eu-west-1.amazonaws.com/2019/05/21/ahjaw2h5cpk2/b681b202-bf4d-304a-8489-368ec342f85c.flac?X-Amz-Algorithm=AWS4-HMAC-SHA256&X-Amz-Content-Sha256=UNSIGNED-PAYLOAD&X-Amz-Credential=AKIA45B7YWBX5HAZMGOU%2F20260223%2Feu-west-1%2Fs3%2Faws4_request&X-Amz-Date=20260223T000816Z&X-Amz-Expires=604800&X-Amz-Signature=a6e6375243464855d35fbf375169bc46130b8c3deaabf91b0fe2dcd12a49db32&X-Amz-SignedHeaders=host&response-content-disposition=attachment%3B%20filename%3Db681b202-bf4d-304a-8489-368ec342f85c.flac&x-id=GetObject,0.285348088,5640
MR2am-2019-05-21_23-20.flac,2019 Markham Ravine 2,2019,5,21,23,20,Pseudacris regilla,Common Song,9.41866684,9.824000359,1688,3281,24000,present,https://rfcx-streams-production.s3.eu-west-1.amazonaws.com/2019/05/21/ahjaw2h5cpk2/dd5c9cb8-1039-3f93-5bf7-5bb1bf44c41b.flac?X-Amz-Algorithm=AWS4-HMAC-SHA256&X-Amz-Content-Sha256=UNSIGNED-PAYLOAD&X-Amz-Credential=AKIA45B7YWBX5HAZMGOU%2F20260223%2Feu-west-1%2Fs3%2Faws4_request&X-Amz-Date=20260223T000818Z&X-Amz-Expires=604800&X-Amz-Signature=cd2ab05d65975e4deaecaa9d0be0fc3cb0c54795f5fa724eff6f2b83f397783b&X-Amz-SignedHeaders=host&response-content-disposition=attachment%3B%20filename%3Ddd5c9cb8-1039-3f93-5bf7-5bb1bf44c41b.flac&x-id=GetObject,0.23247236,5640
MR2am-2019-05-21_23-40.flac,2019 Markham Ravine 2,2019,5,21,23,40,Pseudacris regilla,Common Song,3.306666613,3.711999893,1688,3281,24000,present,https://rfcx-streams-production.s3.eu-west-1.amazonaws.com/2019/05/21/ahjaw2h5cpk2/ff7d2272-ac1b-efca-25bb-847d8724ace3.flac?X-Amz-Algorithm=AWS4-HMAC-SHA256&X-Amz-Content-Sha256=UNSIGNED-PAYLOAD&X-Amz-Credential=AKIA45B7YWBX5HAZMGOU%2F20260223%2Feu-west-1%2Fs3%2Faws4_request&X-Amz-Date=20260223T000818Z&X-Amz-Expires=604800&X-Amz-Signature=ab2057a620e60e86d4faa2d4cefa5ea170394af7ed39824e3fe36547ece6df61&X-Amz-SignedHeaders=host&response-content-disposition=attachment%3B%20filename%3Dff7d2272-ac1b-efca-25bb-847d8724ace3.flac&x-id=GetObject,0.231142357,5640
MR2am-2019-05-22_00-00.flac,2019 Markham Ravine 2,2019,5,22,0,0,Pseudacris regilla,Common Song,25.68000031,26.08533287,1688,3281,24000,present,https://rfcx-streams-production.s3.eu-west-1.amazonaws.com/2019/05/21/ahjaw2h5cpk2/c73fceb8-7830-81fe-d554-6897356d568e.flac?X-Amz-Algorithm=AWS4-HMAC-SHA256&X-Amz-Content-Sha256=UNSIGNED-PAYLOAD&X-Amz-Credential=AKIA45B7YWBX5HAZMGOU%2F20260223%2Feu-west-1%2Fs3%2Faws4_request&X-Amz-Date=20260223T000816Z&X-Amz-Expires=604800&X-Amz-Signature=0909043bca0dd53717aa30fed2e0bf96e78701328a42a8e57b1d6b40419ca273&X-Amz-SignedHeaders=host&response-content-disposition=attachment%3B%20filename%3Dc73fceb8-7830-81fe-d554-6897356d568e.flac&x-id=GetObject,0.228490159,5640
MR2am-2019-05-22_00-20.flac,2019 Markham Ravine 2,2019,5,22,0,20,Pseudacris regilla,Common Song,18.06933403,18.4746666,1688,3281,24000,present,https://rfcx-streams-production.s3.eu-west-1.amazonaws.com/2019/05/21/ahjaw2h5cpk2/dc8740ee-796a-10e8-0bc3-0be1b2e37f77.flac?X-Amz-Algorithm=AWS4-HMAC-SHA256&X-Amz-Content-Sha256=UNSIGNED-PAYLOAD&X-Amz-Credential=AKIA45B7YWBX5HAZMGOU%2F20260223%2Feu-west-1%2Fs3%2Faws4_request&X-Amz-Date=20260223T000818Z&X-Amz-Expires=604800&X-Amz-Signature=b7cfb094f2f1b5f6466db66742540dcde807d2ce3045404c768d90dee760c1bf&X-Amz-SignedHeaders=host&response-content-disposition=attachment%3B%20filename%3Ddc8740ee-796a-10e8-0bc3-0be1b2e37f77.flac&x-id=GetObject,0.246195495,5640
MR2am-2019-05-22_00-40.flac,2019 Markham Ravine 2,2019,5,22,0,40,Pseudacris regilla,Common Song,1.498666644,1.904000044,1688,3281,24000,present,https://rfcx-streams-production.s3.eu-west-1.amazonaws.com/2019/05/21/ahjaw2h5cpk2/1389c1d4-d973-f878-5026-efcdaead136e.flac?X-Amz-Algorithm=AWS4-HMAC-SHA256&X-Amz-Content-Sha256=UNSIGNED-PAYLOAD&X-Amz-Credential=AKIA45B7YWBX5HAZMGOU%2F20260223%2Feu-west-1%2Fs3%2Faws4_request&X-Amz-Date=20260223T000818Z&X-Amz-Expires=604800&X-Amz-Signature=eecaa8b496f79b680e8630bee299b67f33afb841004ca1746c7f5a78f1da338b&X-Amz-SignedHeaders=host&response-content-disposition=attachment%3B%20filename%3D1389c1d4-d973-f878-5026-efcdaead136e.flac&x-id=GetObject,0.302969128,5640
MR2am-2019-05-22_01-00.flac,2019 Markham Ravine 2,2019,5,22,1,0,Pseudacris regilla,Common Song,11.93066692,12.33600044,1688,3281,24000,present,https://rfcx-streams-production.s3.eu-west-1.amazonaws.com/2019/05/21/ahjaw2h5cpk2/49951c35-5b57-615c-73c5-f88e5379c6fb.flac?X-Amz-Algorithm=AWS4-HMAC-SHA256&X-Amz-Content-Sha256=UNSIGNED-PAYLOAD&X-Amz-Credential=AKIA45B7YWBX5HAZMGOU%2F20260223%2Feu-west-1%2Fs3%2Faws4_request&X-Amz-Date=20260223T000816Z&X-Amz-Expires=604800&X-Amz-Signature=ce0ff721e1a1d56ec29bd2289e79f557f3e5ea56f3f4744d2398f27b06a12f7d&X-Amz-SignedHeaders=host&response-content-disposition=attachment%3B%20filename%3D49951c35-5b57-615c-73c5-f88e5379c6fb.flac&x-id=GetObject,0.205392033,5640
MR2am-2019-05-22_01-20.flac,2019 Markham Ravine 2,2019,5,22,1,20,Pseudacris regilla,Common Song,0.986666679,1.39199996,1688,3281,24000,present,https://rfcx-streams-production.s3.eu-west-1.amazonaws.com/2019/05/21/ahjaw2h5cpk2/68b704d2-3a19-69c1-3d78-7c1d48d85b8e.flac?X-Amz-Algorithm=AWS4-HMAC-SHA256&X-Amz-Content-Sha256=UNSIGNED-PAYLOAD&X-Amz-Credential=AKIA45B7YWBX5HAZMGOU%2F20260223%2Feu-west-1%2Fs3%2Faws4_request&X-Amz-Date=20260223T000818Z&X-Amz-Expires=604800&X-Amz-Signature=53623ed1820c9d56586f466c00acb1345717703bc3ed7b1c4cb90d6885fe2ef5&X-Amz-SignedHeaders=host&response-content-disposition=attachment%3B%20filename%3D68b704d2-3a19-69c1-3d78-7c1d48d85b8e.flac&x-id=GetObject,0.289460272,5640
MR2am-2019-05-22_01-40.flac,2019 Markham Ravine 2,2019,5,22,1,40,Pseudacris regilla,Common Song,27.98933411,28.39466667,1688,3281,24000,present,https://rfcx-streams-production.s3.eu-west-1.amazonaws.com/2019/05/21/ahjaw2h5cpk2/d497bba5-57ff-b13d-41c1-49eeb72959f4.flac?X-Amz-Algorithm=AWS4-HMAC-SHA256&X-Amz-Content-Sha256=UNSIGNED-PAYLOAD&X-Amz-Credential=AKIA45B7YWBX5HAZMGOU%2F20260223%2Feu-west-1%2Fs3%2Faws4_request&X-Amz-Date=20260223T000818Z&X-Amz-Expires=604800&X-Amz-Signature=d60deecf453c5f008051ac482fdbd7fbd683ae60457862dc3b494edd4f004234&X-Amz-SignedHeaders=host&response-content-disposition=attachment%3B%20filename%3Dd497bba5-57ff-b13d-41c1-49eeb72959f4.flac&x-id=GetObject,0.25916779,5640
MR2am-2019-05-22_02-00.flac,2019 Markham Ravine 2,2019,5,22,2,0,Pseudacris regilla,Common Song,5.242666721,5.647999763,1688,3281,24000,present,https://rfcx-streams-production.s3.eu-west-1.amazonaws.com/2019/05/21/ahjaw2h5cpk2/d7891902-c5ea-a106-b002-3d11aeb60a80.flac?X-Amz-Algorithm=AWS4-HMAC-SHA256&X-Amz-Content-Sha256=UNSIGNED-PAYLOAD&X-Amz-Credential=AKIA45B7YWBX5HAZMGOU%2F20260223%2Feu-west-1%2Fs3%2Faws4_request&X-Amz-Date=20260223T000816Z&X-Amz-Expires=604800&X-Amz-Signature=49c22cdcf0b5bafa952a1ec25b425af548d559f1ff87bdec98b2db54e6aa1fef&X-Amz-SignedHeaders=host&response-content-disposition=attachment%3B%20filename%3Dd7891902-c5ea-a106-b002-3d11aeb60a80.flac&x-id=GetObject,0.33314836,5640
MR2am-2019-05-22_02-20.flac,2019 Markham Ravine 2,2019,5,22,2,20,Pseudacris regilla,Common Song,14.07999992,14.48533344,1688,3281,24000,present,https://rfcx-streams-production.s3.eu-west-1.amazonaws.com/2019/05/21/ahjaw2h5cpk2/b9164fe9-1dcc-0512-cd85-da32c26d931f.flac?X-Amz-Algorithm=AWS4-HMAC-SHA256&X-Amz-Content-Sha256=UNSIGNED-PAYLOAD&X-Amz-Credential=AKIA45B7YWBX5HAZMGOU%2F20260223%2Feu-west-1%2Fs3%2Faws4_request&X-Amz-Date=20260223T000818Z&X-Amz-Expires=604800&X-Amz-Signature=bdf5c2226e29ebdad09229966df6400ea91811e018c57c5d61c5c851de088043&X-Amz-SignedHeaders=host&response-content-disposition=attachment%3B%20filename%3Db9164fe9-1dcc-0512-cd85-da32c26d931f.flac&x-id=GetObject,0.224872455,5640
MR2am-2019-05-22_02-40.flac,2019 Markham Ravine 2,2019,5,22,2,40,Pseudacris regilla,Common Song,51.77066803,52.17599869,1688,3281,24000,present,https://rfcx-streams-production.s3.eu-west-1.amazonaws.com/2019/05/21/ahjaw2h5cpk2/e5b8414d-b785-9b75-d4a2-4f860905166d.flac?X-Amz-Algorithm=AWS4-HMAC-SHA256&X-Amz-Content-Sha256=UNSIGNED-PAYLOAD&X-Amz-Credential=AKIA45B7YWBX5HAZMGOU%2F20260223%2Feu-west-1%2Fs3%2Faws4_request&X-Amz-Date=20260223T000818Z&X-Amz-Expires=604800&X-Amz-Signature=04e82ba0c3977aeb3b152d7b6c00ebf27ee52c333c8adbc0939ed15214229026&X-Amz-SignedHeaders=host&response-content-disposition=attachment%3B%20filename%3De5b8414d-b785-9b75-d4a2-4f860905166d.flac&x-id=GetObject,0.280649543,5640
MR2am-2019-05-22_03-00.flac,2019 Markham Ravine 2,2019,5,22,3,0,Pseudacris regilla,Common Song,6.970666885,7.375999928,1688,3281,24000,present,https://rfcx-streams-production.s3.eu-west-1.amazonaws.com/2019/05/21/ahjaw2h5cpk2/55cc7392-5997-52a5-ecd1-5fb73bdf8872.flac?X-Amz-Algorithm=AWS4-HMAC-SHA256&X-Amz-Content-Sha256=UNSIGNED-PAYLOAD&X-Amz-Credential=AKIA45B7YWBX5HAZMGOU%2F20260223%2Feu-west-1%2Fs3%2Faws4_request&X-Amz-Date=20260223T000816Z&X-Amz-Expires=604800&X-Amz-Signature=cbb860cef7d30cdad4f2ca4d78fe858512f00082960f8ae6719f4574d92c202e&X-Amz-SignedHeaders=host&response-content-disposition=attachment%3B%20filename%3D55cc7392-5997-52a5-ecd1-5fb73bdf8872.flac&x-id=GetObject,0.237642094,5640
MR2am-2019-05-22_03-20.flac,2019 Markham Ravine 2,2019,5,22,3,20,Pseudacris regilla,Common Song,46.0320015,46.43733215,1688,3281,24000,present,https://rfcx-streams-production.s3.eu-west-1.amazonaws.com/2019/05/21/ahjaw2h5cpk2/3e1c31bd-d69f-1123-599e-baa98608fd65.flac?X-Amz-Algorithm=AWS4-HMAC-SHA256&X-Amz-Content-Sha256=UNSIGNED-PAYLOAD&X-Amz-Credential=AKIA45B7YWBX5HAZMGOU%2F20260223%2Feu-west-1%2Fs3%2Faws4_request&X-Amz-Date=20260223T000818Z&X-Amz-Expires=604800&X-Amz-Signature=b1648ac862dd2d90ea113825d12554094de637efe757e7d8a5e7965fb4d7b499&X-Amz-SignedHeaders=host&response-content-disposition=attachment%3B%20filename%3D3e1c31bd-d69f-1123-599e-baa98608fd65.flac&x-id=GetObject,0.201393023,5640
MR2am-2019-05-22_04-40.flac,2019 Markham Ravine 2,2019,5,22,4,40,Pseudacris regilla,Common Song,53.59999847,54.00533295,1688,3281,24000,present,https://rfcx-streams-production.s3.eu-west-1.amazonaws.com/2019/05/21/ahjaw2h5cpk2/22fba3e2-7123-4aa3-ac30-23c274ac4a29.flac?X-Amz-Algorithm=AWS4-HMAC-SHA256&X-Amz-Content-Sha256=UNSIGNED-PAYLOAD&X-Amz-Credential=AKIA45B7YWBX5HAZMGOU%2F20260223%2Feu-west-1%2Fs3%2Faws4_request&X-Amz-Date=20260223T000818Z&X-Amz-Expires=604800&X-Amz-Signature=cd36cc29d616188ea7a55716e5e9a70cb6e4ec47559ed25b9340165cf14cd71f&X-Amz-SignedHeaders=host&response-content-disposition=attachment%3B%20filename%3D22fba3e2-7123-4aa3-ac30-23c274ac4a29.flac&x-id=GetObject,0.217705011,5640
MR2am-2019-05-22_21-00.flac,2019 Markham Ravine 2,2019,5,22,21,0,Pseudacris regilla,Common Song,45.28533173,45.6906662,1688,3281,24000,present,https://rfcx-streams-production.s3.eu-west-1.amazonaws.com/2019/05/22/ahjaw2h5cpk2/38ffb98a-9f89-3713-aab0-68167293f926.flac?X-Amz-Algorithm=AWS4-HMAC-SHA256&X-Amz-Content-Sha256=UNSIGNED-PAYLOAD&X-Amz-Credential=AKIA45B7YWBX5HAZMGOU%2F20260223%2Feu-west-1%2Fs3%2Faws4_request&X-Amz-Date=20260223T000816Z&X-Amz-Expires=604800&X-Amz-Signature=8b7d9d61ca7ddc34f8819cbd6adf220f324952c5f44e184c807e0144c3091da0&X-Amz-SignedHeaders=host&response-content-disposition=attachment%3B%20filename%3D38ffb98a-9f89-3713-aab0-68167293f926.flac&x-id=GetObject,0.21427387,5640
MR2am-2019-05-22_23-20.flac,2019 Markham Ravine 2,2019,5,22,23,20,Pseudacris regilla,Common Song,46.05333328,46.45866776,1688,3281,24000,present,https://rfcx-streams-production.s3.eu-west-1.amazonaws.com/2019/05/22/ahjaw2h5cpk2/2070b226-d243-535c-8bf5-ce184232f341.flac?X-Amz-Algorithm=AWS4-HMAC-SHA256&X-Amz-Content-Sha256=UNSIGNED-PAYLOAD&X-Amz-Credential=AKIA45B7YWBX5HAZMGOU%2F20260223%2Feu-west-1%2Fs3%2Faws4_request&X-Amz-Date=20260223T000818Z&X-Amz-Expires=604800&X-Amz-Signature=5e54514297732790052fa3a80bdc28923b7769dc52e7fb473cf4f9c1a219166a&X-Amz-SignedHeaders=host&response-content-disposition=attachment%3B%20filename%3D2070b226-d243-535c-8bf5-ce184232f341.flac&x-id=GetObject,0.256316423,5640
MR2am-2019-05-22_23-40.flac,2019 Markham Ravine 2,2019,5,22,23,40,Pseudacris regilla,Common Song,5.173333168,5.578666687,1688,3281,24000,present,https://rfcx-streams-production.s3.eu-west-1.amazonaws.com/2019/05/22/ahjaw2h5cpk2/ff08deeb-1e71-f5fe-b9d7-9e39a24050c3.flac?X-Amz-Algorithm=AWS4-HMAC-SHA256&X-Amz-Content-Sha256=UNSIGNED-PAYLOAD&X-Amz-Credential=AKIA45B7YWBX5HAZMGOU%2F20260223%2Feu-west-1%2Fs3%2Faws4_request&X-Amz-Date=20260223T000818Z&X-Amz-Expires=604800&X-Amz-Signature=a19a74b4950ef88ef8701c1aa301d7ba08c973a1f7bb0f2488acbc65907c3db8&X-Amz-SignedHeaders=host&response-content-disposition=attachment%3B%20filename%3Dff08deeb-1e71-f5fe-b9d7-9e39a24050c3.flac&x-id=GetObject,0.228056058,5640
MR2am-2019-05-23_00-20.flac,2019 Markham Ravine 2,2019,5,23,0,20,Pseudacris regilla,Common Song,53.24266815,53.64799881,1688,3281,24000,present,https://rfcx-streams-production.s3.eu-west-1.amazonaws.com/2019/05/22/ahjaw2h5cpk2/9a72d7e1-43c6-94fd-b6df-0b5c93c6443a.flac?X-Amz-Algorithm=AWS4-HMAC-SHA256&X-Amz-Content-Sha256=UNSIGNED-PAYLOAD&X-Amz-Credential=AKIA45B7YWBX5HAZMGOU%2F20260223%2Feu-west-1%2Fs3%2Faws4_request&X-Amz-Date=20260223T000818Z&X-Amz-Expires=604800&X-Amz-Signature=274784eb548a4227d96cfed7df58d5ce748e3aeaec26383eb58570d3c2e6ad4e&X-Amz-SignedHeaders=host&response-content-disposition=attachment%3B%20filename%3D9a72d7e1-43c6-94fd-b6df-0b5c93c6443a.flac&x-id=GetObject,0.346843153,5640
MR2am-2019-05-23_01-20.flac,2019 Markham Ravine 2,2019,5,23,1,20,Pseudacris regilla,Common Song,42.66133499,43.06666565,1688,3281,24000,present,https://rfcx-streams-production.s3.eu-west-1.amazonaws.com/2019/05/22/ahjaw2h5cpk2/0d87f368-ff86-3a18-aa63-49b65fc3d5ac.flac?X-Amz-Algorithm=AWS4-HMAC-SHA256&X-Amz-Content-Sha256=UNSIGNED-PAYLOAD&X-Amz-Credential=AKIA45B7YWBX5HAZMGOU%2F20260223%2Feu-west-1%2Fs3%2Faws4_request&X-Amz-Date=20260223T000818Z&X-Amz-Expires=604800&X-Amz-Signature=3c3036eb41e7856f1a2bd8b9cdbfe0b730b58e6cd2231309d67d68491c62d267&X-Amz-SignedHeaders=host&response-content-disposition=attachment%3B%20filename%3D0d87f368-ff86-3a18-aa63-49b65fc3d5ac.flac&x-id=GetObject,0.20113717,5640
MR2am-2019-05-23_01-40.flac,2019 Markham Ravine 2,2019,5,23,1,40,Pseudacris regilla,Common Song,51.61600113,52.02133179,1688,3281,24000,present,https://rfcx-streams-production.s3.eu-west-1.amazonaws.com/2019/05/22/ahjaw2h5cpk2/f151fd9a-5c39-3bae-302e-947ddbcfdcd5.flac?X-Amz-Algorithm=AWS4-HMAC-SHA256&X-Amz-Content-Sha256=UNSIGNED-PAYLOAD&X-Amz-Credential=AKIA45B7YWBX5HAZMGOU%2F20260223%2Feu-west-1%2Fs3%2Faws4_request&X-Amz-Date=20260223T000818Z&X-Amz-Expires=604800&X-Amz-Signature=255f57381dfba61edf5198c5f74d626088b4efd0da27c577ba87e8d627344874&X-Amz-SignedHeaders=host&response-content-disposition=attachment%3B%20filename%3Df151fd9a-5c39-3bae-302e-947ddbcfdcd5.flac&x-id=GetObject,0.22069177,5640
MR2am-2019-05-23_21-00.flac,2019 Markham Ravine 2,2019,5,23,21,0,Pseudacris regilla,Common Song,11.13066673,11.53600025,1688,3281,24000,present,https://rfcx-streams-production.s3.eu-west-1.amazonaws.com/2019/05/23/ahjaw2h5cpk2/0fffea4b-6f53-f7be-15da-eedfb5fd4e88.flac?X-Amz-Algorithm=AWS4-HMAC-SHA256&X-Amz-Content-Sha256=UNSIGNED-PAYLOAD&X-Amz-Credential=AKIA45B7YWBX5HAZMGOU%2F20260223%2Feu-west-1%2Fs3%2Faws4_request&X-Amz-Date=20260223T000816Z&X-Amz-Expires=604800&X-Amz-Signature=e600bdfe748ec76ebe91e1ecae01faa670cca88b4d5c481da4bb32270809b0b5&X-Amz-SignedHeaders=host&response-content-disposition=attachment%3B%20filename%3D0fffea4b-6f53-f7be-15da-eedfb5fd4e88.flac&x-id=GetObject,0.247595876,5640
MR2am-2019-05-23_22-00.flac,2019 Markham Ravine 2,2019,5,23,22,0,Pseudacris regilla,Common Song,47.76533508,48.17066574,1688,3281,24000,present,https://rfcx-streams-production.s3.eu-west-1.amazonaws.com/2019/05/23/ahjaw2h5cpk2/b1669748-5c0a-bc38-7011-7a8462653022.flac?X-Amz-Algorithm=AWS4-HMAC-SHA256&X-Amz-Content-Sha256=UNSIGNED-PAYLOAD&X-Amz-Credential=AKIA45B7YWBX5HAZMGOU%2F20260223%2Feu-west-1%2Fs3%2Faws4_request&X-Amz-Date=20260223T000816Z&X-Amz-Expires=604800&X-Amz-Signature=87b7b7783a269d41696cf1716236b68e04b8684d25e41c78a4a5caff68069662&X-Amz-SignedHeaders=host&response-content-disposition=attachment%3B%20filename%3Db1669748-5c0a-bc38-7011-7a8462653022.flac&x-id=GetObject,0.297797084,5640
MR2am-2019-05-23_22-20.flac,2019 Markham Ravine 2,2019,5,23,22,20,Pseudacris regilla,Common Song,20.51733398,20.92266655,1688,3281,24000,present,https://rfcx-streams-production.s3.eu-west-1.amazonaws.com/2019/05/23/ahjaw2h5cpk2/51f0df9a-9e59-c62c-31bd-43c428e5cd9a.flac?X-Amz-Algorithm=AWS4-HMAC-SHA256&X-Amz-Content-Sha256=UNSIGNED-PAYLOAD&X-Amz-Credential=AKIA45B7YWBX5HAZMGOU%2F20260223%2Feu-west-1%2Fs3%2Faws4_request&X-Amz-Date=20260223T000818Z&X-Amz-Expires=604800&X-Amz-Signature=369a403c747108c586a36aacf39bc57ea92f50311e4710961627f46ec3a6edfe&X-Amz-SignedHeaders=host&response-content-disposition=attachment%3B%20filename%3D51f0df9a-9e59-c62c-31bd-43c428e5cd9a.flac&x-id=GetObject,0.245219424,5640
MR2am-2019-05-23_23-00.flac,2019 Markham Ravine 2,2019,5,23,23,0,Pseudacris regilla,Common Song,25.6906662,26.09600067,1688,3281,24000,present,https://rfcx-streams-production.s3.eu-west-1.amazonaws.com/2019/05/23/ahjaw2h5cpk2/6a4d9c5e-d9c2-49b4-af3d-9ec28f37431f.flac?X-Amz-Algorithm=AWS4-HMAC-SHA256&X-Amz-Content-Sha256=UNSIGNED-PAYLOAD&X-Amz-Credential=AKIA45B7YWBX5HAZMGOU%2F20260223%2Feu-west-1%2Fs3%2Faws4_request&X-Amz-Date=20260223T000816Z&X-Amz-Expires=604800&X-Amz-Signature=dae34cdac479a5466928551fcb0bc2745595f39a979180d0b72159e4dc964a95&X-Amz-SignedHeaders=host&response-content-disposition=attachment%3B%20filename%3D6a4d9c5e-d9c2-49b4-af3d-9ec28f37431f.flac&x-id=GetObject,0.228060767,5640
MR2am-2019-05-23_23-20.flac,2019 Markham Ravine 2,2019,5,23,23,20,Pseudacris regilla,Common Song,7.855999947,8.261333466,1688,3281,24000,present,https://rfcx-streams-production.s3.eu-west-1.amazonaws.com/2019/05/23/ahjaw2h5cpk2/f14eb5ad-6a68-3d19-d448-366faccadda4.flac?X-Amz-Algorithm=AWS4-HMAC-SHA256&X-Amz-Content-Sha256=UNSIGNED-PAYLOAD&X-Amz-Credential=AKIA45B7YWBX5HAZMGOU%2F20260223%2Feu-west-1%2Fs3%2Faws4_request&X-Amz-Date=20260223T000818Z&X-Amz-Expires=604800&X-Amz-Signature=aa910e12ab13220c29ef35ce2d07cf9131f02b56110b0bece6bff1afb90cb090&X-Amz-SignedHeaders=host&response-content-disposition=attachment%3B%20filename%3Df14eb5ad-6a68-3d19-d448-366faccadda4.flac&x-id=GetObject,0.252395332,5640
MR2am-2019-05-23_23-40.flac,2019 Markham Ravine 2,2019,5,23,23,40,Pseudacris regilla,Common Song,34.58133316,34.98666763,1688,3281,24000,present,https://rfcx-streams-production.s3.eu-west-1.amazonaws.com/2019/05/23/ahjaw2h5cpk2/02b04c43-cd3d-e5fe-ee42-73c77dc84df5.flac?X-Amz-Algorithm=AWS4-HMAC-SHA256&X-Amz-Content-Sha256=UNSIGNED-PAYLOAD&X-Amz-Credential=AKIA45B7YWBX5HAZMGOU%2F20260223%2Feu-west-1%2Fs3%2Faws4_request&X-Amz-Date=20260223T000818Z&X-Amz-Expires=604800&X-Amz-Signature=7b3df2cf0c4613870025ed4458a2a3388ea2df92d3081e839a4657df6ce7a849&X-Amz-SignedHeaders=host&response-content-disposition=attachment%3B%20filename%3D02b04c43-cd3d-e5fe-ee42-73c77dc84df5.flac&x-id=GetObject,0.267782331,5640
MR2am-2019-05-24_00-20.flac,2019 Markham Ravine 2,2019,5,24,0,20,Pseudacris regilla,Common Song,5.984000206,6.389333248,1688,3281,24000,present,https://rfcx-streams-production.s3.eu-west-1.amazonaws.com/2019/05/23/ahjaw2h5cpk2/04b85eed-1577-7b30-9ac9-3e2015f64262.flac?X-Amz-Algorithm=AWS4-HMAC-SHA256&X-Amz-Content-Sha256=UNSIGNED-PAYLOAD&X-Amz-Credential=AKIA45B7YWBX5HAZMGOU%2F20260223%2Feu-west-1%2Fs3%2Faws4_request&X-Amz-Date=20260223T000818Z&X-Amz-Expires=604800&X-Amz-Signature=57128277be5bc443190521d20c347faf22274be197f0c8007bc810b5b9fe3037&X-Amz-SignedHeaders=host&response-content-disposition=attachment%3B%20filename%3D04b85eed-1577-7b30-9ac9-3e2015f64262.flac&x-id=GetObject,0.232291296,5640
MR2am-2019-05-24_01-20.flac,2019 Markham Ravine 2,2019,5,24,1,20,Pseudacris regilla,Common Song,15.40266705,15.80799961,1688,3281,24000,present,https://rfcx-streams-production.s3.eu-west-1.amazonaws.com/2019/05/23/ahjaw2h5cpk2/b2ffe473-c03e-2849-0cfa-6fd5b8be840c.flac?X-Amz-Algorithm=AWS4-HMAC-SHA256&X-Amz-Content-Sha256=UNSIGNED-PAYLOAD&X-Amz-Credential=AKIA45B7YWBX5HAZMGOU%2F20260223%2Feu-west-1%2Fs3%2Faws4_request&X-Amz-Date=20260223T000818Z&X-Amz-Expires=604800&X-Amz-Signature=620c5772b6ee3cb5b4a2bce136dab93e6eff5d142b492bd379755f35efd57572&X-Amz-SignedHeaders=host&response-content-disposition=attachment%3B%20filename%3Db2ffe473-c03e-2849-0cfa-6fd5b8be840c.flac&x-id=GetObject,0.303185344,5640
MR2am-2019-05-24_02-20.flac,2019 Markham Ravine 2,2019,5,24,2,20,Pseudacris regilla,Common Song,30.97599983,31.3813324,1688,3281,24000,present,https://rfcx-streams-production.s3.eu-west-1.amazonaws.com/2019/05/23/ahjaw2h5cpk2/2a5bf67e-a483-5e9c-91e0-460a52f86dc6.flac?X-Amz-Algorithm=AWS4-HMAC-SHA256&X-Amz-Content-Sha256=UNSIGNED-PAYLOAD&X-Amz-Credential=AKIA45B7YWBX5HAZMGOU%2F20260223%2Feu-west-1%2Fs3%2Faws4_request&X-Amz-Date=20260223T000818Z&X-Amz-Expires=604800&X-Amz-Signature=d2d8081327161ac5036e2b5cfe8a07345f705337789653b0e8666661cb0ac91f&X-Amz-SignedHeaders=host&response-content-disposition=attachment%3B%20filename%3D2a5bf67e-a483-5e9c-91e0-460a52f86dc6.flac&x-id=GetObject,0.246612579,5640
MR2am-2019-05-25_00-20.flac,2019 Markham Ravine 2,2019,5,25,0,20,Pseudacris regilla,Common Song,27.17333412,27.57866669,1688,3281,24000,present,https://rfcx-streams-production.s3.eu-west-1.amazonaws.com/2019/05/24/ahjaw2h5cpk2/8f2896b9-344a-fd0f-b821-acffee29cdac.flac?X-Amz-Algorithm=AWS4-HMAC-SHA256&X-Amz-Content-Sha256=UNSIGNED-PAYLOAD&X-Amz-Credential=AKIA45B7YWBX5HAZMGOU%2F20260223%2Feu-west-1%2Fs3%2Faws4_request&X-Amz-Date=20260223T000818Z&X-Amz-Expires=604800&X-Amz-Signature=a37b502a1872b4663807e2a9bed6200335ade336287036266738dbfe68239e9a&X-Amz-SignedHeaders=host&response-content-disposition=attachment%3B%20filename%3D8f2896b9-344a-fd0f-b821-acffee29cdac.flac&x-id=GetObject,0.277772367,5640
MR2am-2019-05-25_01-20.flac,2019 Markham Ravine 2,2019,5,25,1,20,Pseudacris regilla,Common Song,22.97599983,23.3813324,1688,3281,24000,present,https://rfcx-streams-production.s3.eu-west-1.amazonaws.com/2019/05/24/ahjaw2h5cpk2/7dce8384-ca14-cbc9-63d9-bda211f5681c.flac?X-Amz-Algorithm=AWS4-HMAC-SHA256&X-Amz-Content-Sha256=UNSIGNED-PAYLOAD&X-Amz-Credential=AKIA45B7YWBX5HAZMGOU%2F20260223%2Feu-west-1%2Fs3%2Faws4_request&X-Amz-Date=20260223T000818Z&X-Amz-Expires=604800&X-Amz-Signature=5b60cc13d3eba7ccf12d805fd96bc306e14372bb9129cf9a191c31cbc0239db2&X-Amz-SignedHeaders=host&response-content-disposition=attachment%3B%20filename%3D7dce8384-ca14-cbc9-63d9-bda211f5681c.flac&x-id=GetObject,0.249141589,5640
MR2am-2019-05-25_01-40.flac,2019 Markham Ravine 2,2019,5,25,1,40,Pseudacris regilla,Common Song,11.49333286,11.89866638,1688,3281,24000,present,https://rfcx-streams-production.s3.eu-west-1.amazonaws.com/2019/05/24/ahjaw2h5cpk2/bcf1d9ec-052f-6854-d83c-c241e5cb4a45.flac?X-Amz-Algorithm=AWS4-HMAC-SHA256&X-Amz-Content-Sha256=UNSIGNED-PAYLOAD&X-Amz-Credential=AKIA45B7YWBX5HAZMGOU%2F20260223%2Feu-west-1%2Fs3%2Faws4_request&X-Amz-Date=20260223T000818Z&X-Amz-Expires=604800&X-Amz-Signature=778d7c2d7f6018cab41d94072fdf4a6121d7c9f3b9f20954629283a2417942a8&X-Amz-SignedHeaders=host&response-content-disposition=attachment%3B%20filename%3Dbcf1d9ec-052f-6854-d83c-c241e5cb4a45.flac&x-id=GetObject,0.24428311,5640
MR2am-2019-05-25_02-00.flac,2019 Markham Ravine 2,2019,5,25,2,0,Pseudacris regilla,Common Song,0.192000002,0.597333312,1688,3281,24000,present,https://rfcx-streams-production.s3.eu-west-1.amazonaws.com/2019/05/24/ahjaw2h5cpk2/b1849f1d-5452-cf67-38e6-6bbe53e3adc1.flac?X-Amz-Algorithm=AWS4-HMAC-SHA256&X-Amz-Content-Sha256=UNSIGNED-PAYLOAD&X-Amz-Credential=AKIA45B7YWBX5HAZMGOU%2F20260223%2Feu-west-1%2Fs3%2Faws4_request&X-Amz-Date=20260223T000816Z&X-Amz-Expires=604800&X-Amz-Signature=a7113ce68e066ba07fe5d8acbee4a8e53c27a744ec63be1608a278a1d0bfdf8a&X-Amz-SignedHeaders=host&response-content-disposition=attachment%3B%20filename%3Db1849f1d-5452-cf67-38e6-6bbe53e3adc1.flac&x-id=GetObject,0.313264966,5640
MR2am-2019-05-26_21-00.flac,2019 Markham Ravine 2,2019,5,26,21,0,Pseudacris regilla,Common Song,51.34933472,51.75466537,1688,3281,24000,present,https://rfcx-streams-production.s3.eu-west-1.amazonaws.com/2019/05/26/ahjaw2h5cpk2/68541cb0-ff55-80aa-27dc-0f4fb1a008d5.flac?X-Amz-Algorithm=AWS4-HMAC-SHA256&X-Amz-Content-Sha256=UNSIGNED-PAYLOAD&X-Amz-Credential=AKIA45B7YWBX5HAZMGOU%2F20260223%2Feu-west-1%2Fs3%2Faws4_request&X-Amz-Date=20260223T000816Z&X-Amz-Expires=604800&X-Amz-Signature=d93b1143d48faf08515cf525d2766e4fe53db1b5a604f0615522456a0eb274ae&X-Amz-SignedHeaders=host&response-content-disposition=attachment%3B%20filename%3D68541cb0-ff55-80aa-27dc-0f4fb1a008d5.flac&x-id=GetObject,0.307825029,5640
MR2am-2019-05-26_21-20.flac,2019 Markham Ravine 2,2019,5,26,21,20,Pseudacris regilla,Common Song,25.81866646,26.22400093,1688,3281,24000,present,https://rfcx-streams-production.s3.eu-west-1.amazonaws.com/2019/05/26/ahjaw2h5cpk2/4a064e1c-3824-a06d-7ed0-05a401c6c00c.flac?X-Amz-Algorithm=AWS4-HMAC-SHA256&X-Amz-Content-Sha256=UNSIGNED-PAYLOAD&X-Amz-Credential=AKIA45B7YWBX5HAZMGOU%2F20260223%2Feu-west-1%2Fs3%2Faws4_request&X-Amz-Date=20260223T000818Z&X-Amz-Expires=604800&X-Amz-Signature=fee072373497df74cc9eac2e58dffe36a62f00626fac426b92c81ee6299d98de&X-Amz-SignedHeaders=host&response-content-disposition=attachment%3B%20filename%3D4a064e1c-3824-a06d-7ed0-05a401c6c00c.flac&x-id=GetObject,0.266656011,5640
MR2am-2019-05-26_21-40.flac,2019 Markham Ravine 2,2019,5,26,21,40,Pseudacris regilla,Common Song,37.33866501,37.74399948,1688,3281,24000,present,https://rfcx-streams-production.s3.eu-west-1.amazonaws.com/2019/05/26/ahjaw2h5cpk2/dd6754de-cdfd-89db-8ff5-dbea142539ca.flac?X-Amz-Algorithm=AWS4-HMAC-SHA256&X-Amz-Content-Sha256=UNSIGNED-PAYLOAD&X-Amz-Credential=AKIA45B7YWBX5HAZMGOU%2F20260223%2Feu-west-1%2Fs3%2Faws4_request&X-Amz-Date=20260223T000818Z&X-Amz-Expires=604800&X-Amz-Signature=fb537789d1c6458c0aa6ef50ca3ec2d43f539c8a29d8f7e0920a6af46b75d75e&X-Amz-SignedHeaders=host&response-content-disposition=attachment%3B%20filename%3Ddd6754de-cdfd-89db-8ff5-dbea142539ca.flac&x-id=GetObject,0.263992757,5640
MR2am-2019-05-26_22-00.flac,2019 Markham Ravine 2,2019,5,26,22,0,Pseudacris regilla,Common Song,30.75733376,31.16266632,1688,3281,24000,present,https://rfcx-streams-production.s3.eu-west-1.amazonaws.com/2019/05/26/ahjaw2h5cpk2/edf21daa-c651-43f7-8f93-3f41fc289af4.flac?X-Amz-Algorithm=AWS4-HMAC-SHA256&X-Amz-Content-Sha256=UNSIGNED-PAYLOAD&X-Amz-Credential=AKIA45B7YWBX5HAZMGOU%2F20260223%2Feu-west-1%2Fs3%2Faws4_request&X-Amz-Date=20260223T000816Z&X-Amz-Expires=604800&X-Amz-Signature=3380b5245e5d017418130c558fba9cb5b4a2b8db67bb4ee18c47d5ef70d0bbec&X-Amz-SignedHeaders=host&response-content-disposition=attachment%3B%20filename%3Dedf21daa-c651-43f7-8f93-3f41fc289af4.flac&x-id=GetObject,0.255889386,5640
MR2am-2019-05-26_22-20.flac,2019 Markham Ravine 2,2019,5,26,22,20,Pseudacris regilla,Common Song,52.85333252,53.25866699,1688,3281,24000,present,https://rfcx-streams-production.s3.eu-west-1.amazonaws.com/2019/05/26/ahjaw2h5cpk2/cd963a2f-49df-fa56-4608-285041aa7a50.flac?X-Amz-Algorithm=AWS4-HMAC-SHA256&X-Amz-Content-Sha256=UNSIGNED-PAYLOAD&X-Amz-Credential=AKIA45B7YWBX5HAZMGOU%2F20260223%2Feu-west-1%2Fs3%2Faws4_request&X-Amz-Date=20260223T000818Z&X-Amz-Expires=604800&X-Amz-Signature=bef311d25a76d4aa15b2afd4dfdf8de306e67de3a53842d597470f85e9d9925e&X-Amz-SignedHeaders=host&response-content-disposition=attachment%3B%20filename%3Dcd963a2f-49df-fa56-4608-285041aa7a50.flac&x-id=GetObject,0.22492227,5640
MR2am-2019-05-26_22-40.flac,2019 Markham Ravine 2,2019,5,26,22,40,Pseudacris regilla,Common Song,8.501333237,8.906666756,1688,3281,24000,present,https://rfcx-streams-production.s3.eu-west-1.amazonaws.com/2019/05/26/ahjaw2h5cpk2/0b26fdea-bc12-eb49-0ca7-30aba7a0c63c.flac?X-Amz-Algorithm=AWS4-HMAC-SHA256&X-Amz-Content-Sha256=UNSIGNED-PAYLOAD&X-Amz-Credential=AKIA45B7YWBX5HAZMGOU%2F20260223%2Feu-west-1%2Fs3%2Faws4_request&X-Amz-Date=20260223T000818Z&X-Amz-Expires=604800&X-Amz-Signature=03abd11ae34950be2214ce3ce6b0f39dbd09a67719cbe9cd6a9dea26c1ad2cd5&X-Amz-SignedHeaders=host&response-content-disposition=attachment%3B%20filename%3D0b26fdea-bc12-eb49-0ca7-30aba7a0c63c.flac&x-id=GetObject,0.217785627,5640
MR2am-2019-05-26_23-00.flac,2019 Markham Ravine 2,2019,5,26,23,0,Pseudacris regilla,Common Song,40.72533417,41.13066483,1688,3281,24000,present,https://rfcx-streams-production.s3.eu-west-1.amazonaws.com/2019/05/26/ahjaw2h5cpk2/c357d95f-492e-1472-5bb0-9f0ce4117377.flac?X-Amz-Algorithm=AWS4-HMAC-SHA256&X-Amz-Content-Sha256=UNSIGNED-PAYLOAD&X-Amz-Credential=AKIA45B7YWBX5HAZMGOU%2F20260223%2Feu-west-1%2Fs3%2Faws4_request&X-Amz-Date=20260223T000816Z&X-Amz-Expires=604800&X-Amz-Signature=dff3be8c3535796ed5f23658465363f9151ab10da02aa45ce8488659f738ad9a&X-Amz-SignedHeaders=host&response-content-disposition=attachment%3B%20filename%3Dc357d95f-492e-1472-5bb0-9f0ce4117377.flac&x-id=GetObject,0.271275908,5640
MR2am-2019-05-26_23-20.flac,2019 Markham Ravine 2,2019,5,26,23,20,Pseudacris regilla,Common Song,57.93600082,58.34133148,1688,3281,24000,present,https://rfcx-streams-production.s3.eu-west-1.amazonaws.com/2019/05/26/ahjaw2h5cpk2/20a1a173-a983-7a75-1941-bbcc45a85fd0.flac?X-Amz-Algorithm=AWS4-HMAC-SHA256&X-Amz-Content-Sha256=UNSIGNED-PAYLOAD&X-Amz-Credential=AKIA45B7YWBX5HAZMGOU%2F20260223%2Feu-west-1%2Fs3%2Faws4_request&X-Amz-Date=20260223T000818Z&X-Amz-Expires=604800&X-Amz-Signature=81859f4b97cb28a57d0fb2e2120e743c959f2f6a4b61412ad948d3278ed998bf&X-Amz-SignedHeaders=host&response-content-disposition=attachment%3B%20filename%3D20a1a173-a983-7a75-1941-bbcc45a85fd0.flac&x-id=GetObject,0.297128379,5640
MR2am-2019-05-26_23-40.flac,2019 Markham Ravine 2,2019,5,26,23,40,Pseudacris regilla,Common Song,59.26399994,59.66933441,1688,3281,24000,present,https://rfcx-streams-production.s3.eu-west-1.amazonaws.com/2019/05/26/ahjaw2h5cpk2/64359ecc-b69c-ead9-20d5-6fd011505a36.flac?X-Amz-Algorithm=AWS4-HMAC-SHA256&X-Amz-Content-Sha256=UNSIGNED-PAYLOAD&X-Amz-Credential=AKIA45B7YWBX5HAZMGOU%2F20260223%2Feu-west-1%2Fs3%2Faws4_request&X-Amz-Date=20260223T000818Z&X-Amz-Expires=604800&X-Amz-Signature=dcf1a879203fa528d67619909a31d63a89621dd0c85d516b4b3a66b8c84f4641&X-Amz-SignedHeaders=host&response-content-disposition=attachment%3B%20filename%3D64359ecc-b69c-ead9-20d5-6fd011505a36.flac&x-id=GetObject,0.406748593,5640
MR2am-2019-05-27_21-00.flac,2019 Markham Ravine 2,2019,5,27,21,0,Pseudacris regilla,Common Song,48.6293335,49.03466797,1688,3281,24000,present,https://rfcx-streams-production.s3.eu-west-1.amazonaws.com/2019/05/27/ahjaw2h5cpk2/0c8fc658-3f36-3227-5ced-696bb504a642.flac?X-Amz-Algorithm=AWS4-HMAC-SHA256&X-Amz-Content-Sha256=UNSIGNED-PAYLOAD&X-Amz-Credential=AKIA45B7YWBX5HAZMGOU%2F20260223%2Feu-west-1%2Fs3%2Faws4_request&X-Amz-Date=20260223T000816Z&X-Amz-Expires=604800&X-Amz-Signature=d955b200a0be735d81be662f39b57bd6624518636052c5c6dc600282ef758522&X-Amz-SignedHeaders=host&response-content-disposition=attachment%3B%20filename%3D0c8fc658-3f36-3227-5ced-696bb504a642.flac&x-id=GetObject,0.372356951,5640
MR2am-2019-05-27_21-20.flac,2019 Markham Ravine 2,2019,5,27,21,20,Pseudacris regilla,Common Song,29.77599907,30.18133354,1688,3281,24000,present,https://rfcx-streams-production.s3.eu-west-1.amazonaws.com/2019/05/27/ahjaw2h5cpk2/74183d65-9516-8aaa-60a3-86c24e6d05b4.flac?X-Amz-Algorithm=AWS4-HMAC-SHA256&X-Amz-Content-Sha256=UNSIGNED-PAYLOAD&X-Amz-Credential=AKIA45B7YWBX5HAZMGOU%2F20260223%2Feu-west-1%2Fs3%2Faws4_request&X-Amz-Date=20260223T000818Z&X-Amz-Expires=604800&X-Amz-Signature=98024629f04094578edaefaa9fb6cf808f024116f8765625c2976aadfdb8fe1f&X-Amz-SignedHeaders=host&response-content-disposition=attachment%3B%20filename%3D74183d65-9516-8aaa-60a3-86c24e6d05b4.flac&x-id=GetObject,0.290370256,5640
MR2am-2019-05-27_21-40.flac,2019 Markham Ravine 2,2019,5,27,21,40,Pseudacris regilla,Common Song,41.14666748,41.55199814,1688,3281,24000,present,https://rfcx-streams-production.s3.eu-west-1.amazonaws.com/2019/05/27/ahjaw2h5cpk2/e115e627-8a58-b372-90cf-4716fd5dd80a.flac?X-Amz-Algorithm=AWS4-HMAC-SHA256&X-Amz-Content-Sha256=UNSIGNED-PAYLOAD&X-Amz-Credential=AKIA45B7YWBX5HAZMGOU%2F20260223%2Feu-west-1%2Fs3%2Faws4_request&X-Amz-Date=20260223T000818Z&X-Amz-Expires=604800&X-Amz-Signature=4394fff62568bfbfce0c1a3d424092ed2a0230b8cbd964ca2ef1ad1c0caf5aea&X-Amz-SignedHeaders=host&response-content-disposition=attachment%3B%20filename%3De115e627-8a58-b372-90cf-4716fd5dd80a.flac&x-id=GetObject,0.211674958,5640
MR2am-2019-05-27_22-00.flac,2019 Markham Ravine 2,2019,5,27,22,0,Pseudacris regilla,Common Song,48.87466812,49.27999878,1688,3281,24000,present,https://rfcx-streams-production.s3.eu-west-1.amazonaws.com/2019/05/27/ahjaw2h5cpk2/1e3fb326-f029-f5b4-b5f2-ccb233494764.flac?X-Amz-Algorithm=AWS4-HMAC-SHA256&X-Amz-Content-Sha256=UNSIGNED-PAYLOAD&X-Amz-Credential=AKIA45B7YWBX5HAZMGOU%2F20260223%2Feu-west-1%2Fs3%2Faws4_request&X-Amz-Date=20260223T000816Z&X-Amz-Expires=604800&X-Amz-Signature=b5c42031f2c525351cd95152287376dd9ce56653af1439aadce5c909bc60ef94&X-Amz-SignedHeaders=host&response-content-disposition=attachment%3B%20filename%3D1e3fb326-f029-f5b4-b5f2-ccb233494764.flac&x-id=GetObject,0.231393635,5640
MR2am-2019-05-27_22-20.flac,2019 Markham Ravine 2,2019,5,27,22,20,Pseudacris regilla,Common Song,13.96266651,14.36800003,1688,3281,24000,present,https://rfcx-streams-production.s3.eu-west-1.amazonaws.com/2019/05/27/ahjaw2h5cpk2/5d091264-e10d-8f41-fbde-fb3223ada1dc.flac?X-Amz-Algorithm=AWS4-HMAC-SHA256&X-Amz-Content-Sha256=UNSIGNED-PAYLOAD&X-Amz-Credential=AKIA45B7YWBX5HAZMGOU%2F20260223%2Feu-west-1%2Fs3%2Faws4_request&X-Amz-Date=20260223T000818Z&X-Amz-Expires=604800&X-Amz-Signature=c37ae002e2f1238a1f0a83fded897f450ba9b2fd7f3b0412ae6924bd6c7866dd&X-Amz-SignedHeaders=host&response-content-disposition=attachment%3B%20filename%3D5d091264-e10d-8f41-fbde-fb3223ada1dc.flac&x-id=GetObject,0.296492279,5640
MR2am-2019-05-27_22-40.flac,2019 Markham Ravine 2,2019,5,27,22,40,Pseudacris regilla,Common Song,26.22400093,26.6293335,1688,3281,24000,present,https://rfcx-streams-production.s3.eu-west-1.amazonaws.com/2019/05/27/ahjaw2h5cpk2/067fdc85-65f5-c8c5-1a1d-ba5f7ad2f821.flac?X-Amz-Algorithm=AWS4-HMAC-SHA256&X-Amz-Content-Sha256=UNSIGNED-PAYLOAD&X-Amz-Credential=AKIA45B7YWBX5HAZMGOU%2F20260223%2Feu-west-1%2Fs3%2Faws4_request&X-Amz-Date=20260223T000818Z&X-Amz-Expires=604800&X-Amz-Signature=f811c2eec821802520b35d693df3b38c9dbaf4f5724122554e10192599c3a29a&X-Amz-SignedHeaders=host&response-content-disposition=attachment%3B%20filename%3D067fdc85-65f5-c8c5-1a1d-ba5f7ad2f821.flac&x-id=GetObject,0.29535836,5640
MR2am-2019-05-27_23-00.flac,2019 Markham Ravine 2,2019,5,27,23,0,Pseudacris regilla,Common Song,19.07733345,19.48266602,1688,3281,24000,present,https://rfcx-streams-production.s3.eu-west-1.amazonaws.com/2019/05/27/ahjaw2h5cpk2/7e432bb2-fd4f-9c80-38f1-4814171cce93.flac?X-Amz-Algorithm=AWS4-HMAC-SHA256&X-Amz-Content-Sha256=UNSIGNED-PAYLOAD&X-Amz-Credential=AKIA45B7YWBX5HAZMGOU%2F20260223%2Feu-west-1%2Fs3%2Faws4_request&X-Amz-Date=20260223T000816Z&X-Amz-Expires=604800&X-Amz-Signature=8803ad88c99c86a0334e6133b26f49dc6e626f608853b4c8b804975fec434915&X-Amz-SignedHeaders=host&response-content-disposition=attachment%3B%20filename%3D7e432bb2-fd4f-9c80-38f1-4814171cce93.flac&x-id=GetObject,0.258615762,5640
MR2am-2019-05-27_23-20.flac,2019 Markham Ravine 2,2019,5,27,23,20,Pseudacris regilla,Common Song,13.65333366,14.05866623,1688,3281,24000,present,https://rfcx-streams-production.s3.eu-west-1.amazonaws.com/2019/05/27/ahjaw2h5cpk2/8f7fde53-35b1-9ead-c424-ade8681fd70e.flac?X-Amz-Algorithm=AWS4-HMAC-SHA256&X-Amz-Content-Sha256=UNSIGNED-PAYLOAD&X-Amz-Credential=AKIA45B7YWBX5HAZMGOU%2F20260223%2Feu-west-1%2Fs3%2Faws4_request&X-Amz-Date=20260223T000818Z&X-Amz-Expires=604800&X-Amz-Signature=be89ac8952aa7db54d4509d1e98fcb4f7473149a1203312f3e78e2518f72518f&X-Amz-SignedHeaders=host&response-content-disposition=attachment%3B%20filename%3D8f7fde53-35b1-9ead-c424-ade8681fd70e.flac&x-id=GetObject,0.22579065,5640
MR2am-2019-05-27_23-40.flac,2019 Markham Ravine 2,2019,5,27,23,40,Pseudacris regilla,Common Song,44.82666779,45.23199844,1688,3281,24000,present,https://rfcx-streams-production.s3.eu-west-1.amazonaws.com/2019/05/27/ahjaw2h5cpk2/43a78f95-2329-f908-de5a-c9e3389bac49.flac?X-Amz-Algorithm=AWS4-HMAC-SHA256&X-Amz-Content-Sha256=UNSIGNED-PAYLOAD&X-Amz-Credential=AKIA45B7YWBX5HAZMGOU%2F20260223%2Feu-west-1%2Fs3%2Faws4_request&X-Amz-Date=20260223T000818Z&X-Amz-Expires=604800&X-Amz-Signature=7c0bc08e8be89d0f91eb5ba075ffbd62298b1887c715e275cd54377caa161b2c&X-Amz-SignedHeaders=host&response-content-disposition=attachment%3B%20filename%3D43a78f95-2329-f908-de5a-c9e3389bac49.flac&x-id=GetObject,0.20976539,5640
MR2am-2019-05-28_00-20.flac,2019 Markham Ravine 2,2019,5,28,0,20,Pseudacris regilla,Common Song,13.68533325,14.09066677,1688,3281,24000,present,https://rfcx-streams-production.s3.eu-west-1.amazonaws.com/2019/05/27/ahjaw2h5cpk2/dea2d090-c4d6-96fd-5fe4-b5853ce31654.flac?X-Amz-Algorithm=AWS4-HMAC-SHA256&X-Amz-Content-Sha256=UNSIGNED-PAYLOAD&X-Amz-Credential=AKIA45B7YWBX5HAZMGOU%2F20260223%2Feu-west-1%2Fs3%2Faws4_request&X-Amz-Date=20260223T000818Z&X-Amz-Expires=604800&X-Amz-Signature=c8905c3c3438a29b0bf97b8c4c5e9896911c374d92c36722785f17c569a6199a&X-Amz-SignedHeaders=host&response-content-disposition=attachment%3B%20filename%3Ddea2d090-c4d6-96fd-5fe4-b5853ce31654.flac&x-id=GetObject,0.204163522,5640
MR2am-2019-05-28_00-40.flac,2019 Markham Ravine 2,2019,5,28,0,40,Pseudacris regilla,Common Song,59.14666748,59.55199814,1688,3281,24000,present,https://rfcx-streams-production.s3.eu-west-1.amazonaws.com/2019/05/27/ahjaw2h5cpk2/5eb24405-c8da-c497-c3f2-a7a3dbb98557.flac?X-Amz-Algorithm=AWS4-HMAC-SHA256&X-Amz-Content-Sha256=UNSIGNED-PAYLOAD&X-Amz-Credential=AKIA45B7YWBX5HAZMGOU%2F20260223%2Feu-west-1%2Fs3%2Faws4_request&X-Amz-Date=20260223T000818Z&X-Amz-Expires=604800&X-Amz-Signature=b241d3ba94eda5eecf5cc63d2889371aa7fb4045313df204d8cf582c7777e264&X-Amz-SignedHeaders=host&response-content-disposition=attachment%3B%20filename%3D5eb24405-c8da-c497-c3f2-a7a3dbb98557.flac&x-id=GetObject,0.244955257,5640
MR2am-2019-05-28_01-00.flac,2019 Markham Ravine 2,2019,5,28,1,0,Pseudacris regilla,Common Song,41.34400177,41.74933243,1688,3281,24000,present,https://rfcx-streams-production.s3.eu-west-1.amazonaws.com/2019/05/27/ahjaw2h5cpk2/9b9303aa-e73c-43da-0648-70653582922b.flac?X-Amz-Algorithm=AWS4-HMAC-SHA256&X-Amz-Content-Sha256=UNSIGNED-PAYLOAD&X-Amz-Credential=AKIA45B7YWBX5HAZMGOU%2F20260223%2Feu-west-1%2Fs3%2Faws4_request&X-Amz-Date=20260223T000816Z&X-Amz-Expires=604800&X-Amz-Signature=74e0cf2624d9cefe27518ae416baaf057a2da258c1348bba397641c6762d246b&X-Amz-SignedHeaders=host&response-content-disposition=attachment%3B%20filename%3D9b9303aa-e73c-43da-0648-70653582922b.flac&x-id=GetObject,0.201608881,5640
MR2am-2019-05-28_21-00.flac,2019 Markham Ravine 2,2019,5,28,21,0,Pseudacris regilla,Common Song,1.653333306,2.058666706,1688,3281,24000,present,https://rfcx-streams-production.s3.eu-west-1.amazonaws.com/2019/05/28/ahjaw2h5cpk2/4357303a-6538-fc73-7642-9a82a4ea4ab4.flac?X-Amz-Algorithm=AWS4-HMAC-SHA256&X-Amz-Content-Sha256=UNSIGNED-PAYLOAD&X-Amz-Credential=AKIA45B7YWBX5HAZMGOU%2F20260223%2Feu-west-1%2Fs3%2Faws4_request&X-Amz-Date=20260223T000816Z&X-Amz-Expires=604800&X-Amz-Signature=16446af0409296eb1d8f759bc96db63ff0709e9b3ca8918900c5c039d689157b&X-Amz-SignedHeaders=host&response-content-disposition=attachment%3B%20filename%3D4357303a-6538-fc73-7642-9a82a4ea4ab4.flac&x-id=GetObject,0.282149047,5640
MR2am-2019-05-28_21-20.flac,2019 Markham Ravine 2,2019,5,28,21,20,Pseudacris regilla,Common Song,13.33866692,13.74400043,1688,3281,24000,present,https://rfcx-streams-production.s3.eu-west-1.amazonaws.com/2019/05/28/ahjaw2h5cpk2/f9695379-8bc2-e2d3-3f27-6e75df02b1b4.flac?X-Amz-Algorithm=AWS4-HMAC-SHA256&X-Amz-Content-Sha256=UNSIGNED-PAYLOAD&X-Amz-Credential=AKIA45B7YWBX5HAZMGOU%2F20260223%2Feu-west-1%2Fs3%2Faws4_request&X-Amz-Date=20260223T000818Z&X-Amz-Expires=604800&X-Amz-Signature=cb0cfa08148721fd4f96bcd29bfa0d26005fc105e5f6238d84582b9ce79e0e54&X-Amz-SignedHeaders=host&response-content-disposition=attachment%3B%20filename%3Df9695379-8bc2-e2d3-3f27-6e75df02b1b4.flac&x-id=GetObject,0.237814933,5640
MR2am-2019-05-28_21-40.flac,2019 Markham Ravine 2,2019,5,28,21,40,Pseudacris regilla,Common Song,22.00533295,22.41066742,1688,3281,24000,present,https://rfcx-streams-production.s3.eu-west-1.amazonaws.com/2019/05/28/ahjaw2h5cpk2/b699a98c-93cf-27a6-2588-779eba53e3c3.flac?X-Amz-Algorithm=AWS4-HMAC-SHA256&X-Amz-Content-Sha256=UNSIGNED-PAYLOAD&X-Amz-Credential=AKIA45B7YWBX5HAZMGOU%2F20260223%2Feu-west-1%2Fs3%2Faws4_request&X-Amz-Date=20260223T000818Z&X-Amz-Expires=604800&X-Amz-Signature=11c2b2fbe361ca807167383a0429d5758d3a4fcd1fe7acabacb880057fae8d6a&X-Amz-SignedHeaders=host&response-content-disposition=attachment%3B%20filename%3Db699a98c-93cf-27a6-2588-779eba53e3c3.flac&x-id=GetObject,0.23269251,5640
MR2am-2019-05-28_22-00.flac,2019 Markham Ravine 2,2019,5,28,22,0,Pseudacris regilla,Common Song,25.02400017,25.42933273,1688,3281,24000,present,https://rfcx-streams-production.s3.eu-west-1.amazonaws.com/2019/05/28/ahjaw2h5cpk2/e1bdc692-4d3c-949e-3c62-a5e8987c001b.flac?X-Amz-Algorithm=AWS4-HMAC-SHA256&X-Amz-Content-Sha256=UNSIGNED-PAYLOAD&X-Amz-Credential=AKIA45B7YWBX5HAZMGOU%2F20260223%2Feu-west-1%2Fs3%2Faws4_request&X-Amz-Date=20260223T000816Z&X-Amz-Expires=604800&X-Amz-Signature=d15aa64ab2e9c9d798a2f968086c6e79b431e4298e4c1821c85986111224a032&X-Amz-SignedHeaders=host&response-content-disposition=attachment%3B%20filename%3De1bdc692-4d3c-949e-3c62-a5e8987c001b.flac&x-id=GetObject,0.231411234,5640
MR2am-2019-05-28_22-20.flac,2019 Markham Ravine 2,2019,5,28,22,20,Pseudacris regilla,Common Song,24.4640007,24.86933327,1688,3281,24000,present,https://rfcx-streams-production.s3.eu-west-1.amazonaws.com/2019/05/28/ahjaw2h5cpk2/26808866-c192-9cb9-3701-9a65fd007e4b.flac?X-Amz-Algorithm=AWS4-HMAC-SHA256&X-Amz-Content-Sha256=UNSIGNED-PAYLOAD&X-Amz-Credential=AKIA45B7YWBX5HAZMGOU%2F20260223%2Feu-west-1%2Fs3%2Faws4_request&X-Amz-Date=20260223T000818Z&X-Amz-Expires=604800&X-Amz-Signature=cede464a8d5b82f00f64dc62e3f052e7ad0a5a462493b60f261b5e06b740deca&X-Amz-SignedHeaders=host&response-content-disposition=attachment%3B%20filename%3D26808866-c192-9cb9-3701-9a65fd007e4b.flac&x-id=GetObject,0.284106791,5640
MR2am-2019-05-28_22-40.flac,2019 Markham Ravine 2,2019,5,28,22,40,Pseudacris regilla,Common Song,33.70133209,34.10666656,1688,3281,24000,present,https://rfcx-streams-production.s3.eu-west-1.amazonaws.com/2019/05/28/ahjaw2h5cpk2/d9fa9ea3-ace6-59ff-0389-8bc5209bf9ee.flac?X-Amz-Algorithm=AWS4-HMAC-SHA256&X-Amz-Content-Sha256=UNSIGNED-PAYLOAD&X-Amz-Credential=AKIA45B7YWBX5HAZMGOU%2F20260223%2Feu-west-1%2Fs3%2Faws4_request&X-Amz-Date=20260223T000818Z&X-Amz-Expires=604800&X-Amz-Signature=a1ed7a5262ed8980c114164efa3db312f6f1799a1be34135758a669768a2197e&X-Amz-SignedHeaders=host&response-content-disposition=attachment%3B%20filename%3Dd9fa9ea3-ace6-59ff-0389-8bc5209bf9ee.flac&x-id=GetObject,0.258827716,5640
MR2am-2019-05-28_23-00.flac,2019 Markham Ravine 2,2019,5,28,23,0,Pseudacris regilla,Common Song,1.770666718,2.176000118,1688,3281,24000,present,https://rfcx-streams-production.s3.eu-west-1.amazonaws.com/2019/05/28/ahjaw2h5cpk2/aba23fc4-8a7c-d0d3-9c64-388e9408342f.flac?X-Amz-Algorithm=AWS4-HMAC-SHA256&X-Amz-Content-Sha256=UNSIGNED-PAYLOAD&X-Amz-Credential=AKIA45B7YWBX5HAZMGOU%2F20260223%2Feu-west-1%2Fs3%2Faws4_request&X-Amz-Date=20260223T000816Z&X-Amz-Expires=604800&X-Amz-Signature=aadd523134ee5152aa5f7276b5bb4cc744940ee43e2df8879f726de3748cc343&X-Amz-SignedHeaders=host&response-content-disposition=attachment%3B%20filename%3Daba23fc4-8a7c-d0d3-9c64-388e9408342f.flac&x-id=GetObject,0.297968119,5640
MR2am-2019-05-28_23-20.flac,2019 Markham Ravine 2,2019,5,28,23,20,Pseudacris regilla,Common Song,8.357333183,8.762666702,1688,3281,24000,present,https://rfcx-streams-production.s3.eu-west-1.amazonaws.com/2019/05/28/ahjaw2h5cpk2/2c4cd2d4-6049-534a-1de7-47c11da660d9.flac?X-Amz-Algorithm=AWS4-HMAC-SHA256&X-Amz-Content-Sha256=UNSIGNED-PAYLOAD&X-Amz-Credential=AKIA45B7YWBX5HAZMGOU%2F20260223%2Feu-west-1%2Fs3%2Faws4_request&X-Amz-Date=20260223T000818Z&X-Amz-Expires=604800&X-Amz-Signature=502ebd9349633ba15346cb1fea7ef1396adc65cf70136522a15bff801f07ce35&X-Amz-SignedHeaders=host&response-content-disposition=attachment%3B%20filename%3D2c4cd2d4-6049-534a-1de7-47c11da660d9.flac&x-id=GetObject,0.249303326,5640
MR2am-2019-05-28_23-40.flac,2019 Markham Ravine 2,2019,5,28,23,40,Pseudacris regilla,Common Song,5.49333334,5.898666859,1688,3281,24000,present,https://rfcx-streams-production.s3.eu-west-1.amazonaws.com/2019/05/28/ahjaw2h5cpk2/71c267a6-32b9-5be0-efab-2c697aecc565.flac?X-Amz-Algorithm=AWS4-HMAC-SHA256&X-Amz-Content-Sha256=UNSIGNED-PAYLOAD&X-Amz-Credential=AKIA45B7YWBX5HAZMGOU%2F20260223%2Feu-west-1%2Fs3%2Faws4_request&X-Amz-Date=20260223T000818Z&X-Amz-Expires=604800&X-Amz-Signature=08a28ae13324b6415cc9ae31a89cf8c72ea6dda511c0df054af96902cc4c9e15&X-Amz-SignedHeaders=host&response-content-disposition=attachment%3B%20filename%3D71c267a6-32b9-5be0-efab-2c697aecc565.flac&x-id=GetObject,0.261022061,5640
MR2am-2019-05-29_00-00.flac,2019 Markham Ravine 2,2019,5,29,0,0,Pseudacris regilla,Common Song,2.33066678,2.736000061,1688,3281,24000,present,https://rfcx-streams-production.s3.eu-west-1.amazonaws.com/2019/05/28/ahjaw2h5cpk2/1b2b084b-7da3-d3be-80f4-dfe594b14adc.flac?X-Amz-Algorithm=AWS4-HMAC-SHA256&X-Amz-Content-Sha256=UNSIGNED-PAYLOAD&X-Amz-Credential=AKIA45B7YWBX5HAZMGOU%2F20260223%2Feu-west-1%2Fs3%2Faws4_request&X-Amz-Date=20260223T000816Z&X-Amz-Expires=604800&X-Amz-Signature=be85f61f4e2cc4071c3eab70cf24130075baaddec768102559ec996ecb069a63&X-Amz-SignedHeaders=host&response-content-disposition=attachment%3B%20filename%3D1b2b084b-7da3-d3be-80f4-dfe594b14adc.flac&x-id=GetObject,0.282535881,5640
MR2am-2019-05-29_02-00.flac,2019 Markham Ravine 2,2019,5,29,2,0,Pseudacris regilla,Common Song,43.9679985,44.37333298,1688,3281,24000,present,https://rfcx-streams-production.s3.eu-west-1.amazonaws.com/2019/05/28/ahjaw2h5cpk2/444133ad-f1ff-8af8-4fe3-019bd5324d20.flac?X-Amz-Algorithm=AWS4-HMAC-SHA256&X-Amz-Content-Sha256=UNSIGNED-PAYLOAD&X-Amz-Credential=AKIA45B7YWBX5HAZMGOU%2F20260223%2Feu-west-1%2Fs3%2Faws4_request&X-Amz-Date=20260223T000816Z&X-Amz-Expires=604800&X-Amz-Signature=1b153a0a5a1ab8e8a503d95b3e37aba6ff6b47d2861deedb78680d44eadb21d1&X-Amz-SignedHeaders=host&response-content-disposition=attachment%3B%20filename%3D444133ad-f1ff-8af8-4fe3-019bd5324d20.flac&x-id=GetObject,0.225961,5640
MR2am-2019-06-08_22-00.flac,2019 Markham Ravine 2,2019,6,8,22,0,Pseudacris regilla,Common Song,34.92266846,35.32799911,1688,3281,24000,present,https://rfcx-streams-production.s3.eu-west-1.amazonaws.com/2019/06/08/ahjaw2h5cpk2/8784b2ea-07ea-0484-ce21-7998bb5549e7.flac?X-Amz-Algorithm=AWS4-HMAC-SHA256&X-Amz-Content-Sha256=UNSIGNED-PAYLOAD&X-Amz-Credential=AKIA45B7YWBX5HAZMGOU%2F20260223%2Feu-west-1%2Fs3%2Faws4_request&X-Amz-Date=20260223T000816Z&X-Amz-Expires=604800&X-Amz-Signature=054e92ea023d960aceb4425df13d9605acc5ec766a6f96f7cb30ea77b6a0a82a&X-Amz-SignedHeaders=host&response-content-disposition=attachment%3B%20filename%3D8784b2ea-07ea-0484-ce21-7998bb5549e7.flac&x-id=GetObject,0.253156632,5640
MR2am-2019-06-08_22-20.flac,2019 Markham Ravine 2,2019,6,8,22,20,Pseudacris regilla,Common Song,17.19466591,17.60000038,1688,3281,24000,present,https://rfcx-streams-production.s3.eu-west-1.amazonaws.com/2019/06/08/ahjaw2h5cpk2/1b796810-12e6-96a1-88c3-52f27c4b13ef.flac?X-Amz-Algorithm=AWS4-HMAC-SHA256&X-Amz-Content-Sha256=UNSIGNED-PAYLOAD&X-Amz-Credential=AKIA45B7YWBX5HAZMGOU%2F20260223%2Feu-west-1%2Fs3%2Faws4_request&X-Amz-Date=20260223T000819Z&X-Amz-Expires=604800&X-Amz-Signature=a56be702b0fbf33322761ae4126b0694727512efd022833a3b0395b84dd79de1&X-Amz-SignedHeaders=host&response-content-disposition=attachment%3B%20filename%3D1b796810-12e6-96a1-88c3-52f27c4b13ef.flac&x-id=GetObject,0.201586738,5640
MR2am-2019-06-08_22-40.flac,2019 Markham Ravine 2,2019,6,8,22,40,Pseudacris regilla,Common Song,23.26399994,23.6693325,1688,3281,24000,present,https://rfcx-streams-production.s3.eu-west-1.amazonaws.com/2019/06/08/ahjaw2h5cpk2/8e19a2c2-8d2d-319e-2bce-fe687cb65808.flac?X-Amz-Algorithm=AWS4-HMAC-SHA256&X-Amz-Content-Sha256=UNSIGNED-PAYLOAD&X-Amz-Credential=AKIA45B7YWBX5HAZMGOU%2F20260223%2Feu-west-1%2Fs3%2Faws4_request&X-Amz-Date=20260223T000819Z&X-Amz-Expires=604800&X-Amz-Signature=e9058a4aef258261caf1be616295006166dbbaa15b93b7532729aed513d19489&X-Amz-SignedHeaders=host&response-content-disposition=attachment%3B%20filename%3D8e19a2c2-8d2d-319e-2bce-fe687cb65808.flac&x-id=GetObject,0.226008222,5640
MR2am-2019-06-08_23-00.flac,2019 Markham Ravine 2,2019,6,8,23,0,Pseudacris regilla,Common Song,53.23733521,53.64266586,1688,3281,24000,present,https://rfcx-streams-production.s3.eu-west-1.amazonaws.com/2019/06/08/ahjaw2h5cpk2/a48fd09b-5670-4520-485b-3f3f7caa0599.flac?X-Amz-Algorithm=AWS4-HMAC-SHA256&X-Amz-Content-Sha256=UNSIGNED-PAYLOAD&X-Amz-Credential=AKIA45B7YWBX5HAZMGOU%2F20260223%2Feu-west-1%2Fs3%2Faws4_request&X-Amz-Date=20260223T000816Z&X-Amz-Expires=604800&X-Amz-Signature=9df3aaf8143bb53b2326a1bd43b57028cb73d20a85d7435ecb7fe500d7fe3ac0&X-Amz-SignedHeaders=host&response-content-disposition=attachment%3B%20filename%3Da48fd09b-5670-4520-485b-3f3f7caa0599.flac&x-id=GetObject,0.223812521,5640
MR2am-2019-06-09_00-00.flac,2019 Markham Ravine 2,2019,6,9,0,0,Pseudacris regilla,Common Song,51.06666565,51.47200012,1688,3281,24000,present,https://rfcx-streams-production.s3.eu-west-1.amazonaws.com/2019/06/08/ahjaw2h5cpk2/785fead3-6054-7488-ff21-ce8f5c0d8dc2.flac?X-Amz-Algorithm=AWS4-HMAC-SHA256&X-Amz-Content-Sha256=UNSIGNED-PAYLOAD&X-Amz-Credential=AKIA45B7YWBX5HAZMGOU%2F20260223%2Feu-west-1%2Fs3%2Faws4_request&X-Amz-Date=20260223T000816Z&X-Amz-Expires=604800&X-Amz-Signature=eeeae5369cb7db05dd82ffce209735de86f34222334dcdf27036df535c074c0b&X-Amz-SignedHeaders=host&response-content-disposition=attachment%3B%20filename%3D785fead3-6054-7488-ff21-ce8f5c0d8dc2.flac&x-id=GetObject,0.295058429,5640
MR2am-2019-06-09_00-20.flac,2019 Markham Ravine 2,2019,6,9,0,20,Pseudacris regilla,Common Song,28.33600044,28.74133301,1688,3281,24000,present,https://rfcx-streams-production.s3.eu-west-1.amazonaws.com/2019/06/08/ahjaw2h5cpk2/dbae1658-6e4f-453d-520d-acffea5e0f98.flac?X-Amz-Algorithm=AWS4-HMAC-SHA256&X-Amz-Content-Sha256=UNSIGNED-PAYLOAD&X-Amz-Credential=AKIA45B7YWBX5HAZMGOU%2F20260223%2Feu-west-1%2Fs3%2Faws4_request&X-Amz-Date=20260223T000819Z&X-Amz-Expires=604800&X-Amz-Signature=26f5db1a79a233cb1e6e14e689aae43362451907adf73abeb8808e691898e4a2&X-Amz-SignedHeaders=host&response-content-disposition=attachment%3B%20filename%3Ddbae1658-6e4f-453d-520d-acffea5e0f98.flac&x-id=GetObject,0.352849066,5640
MR2am-2019-06-09_01-00.flac,2019 Markham Ravine 2,2019,6,9,1,0,Pseudacris regilla,Common Song,40.63466644,41.04000092,1688,3281,24000,present,https://rfcx-streams-production.s3.eu-west-1.amazonaws.com/2019/06/08/ahjaw2h5cpk2/40483b2b-d1f6-c5e1-1274-5c04e0487aa1.flac?X-Amz-Algorithm=AWS4-HMAC-SHA256&X-Amz-Content-Sha256=UNSIGNED-PAYLOAD&X-Amz-Credential=AKIA45B7YWBX5HAZMGOU%2F20260223%2Feu-west-1%2Fs3%2Faws4_request&X-Amz-Date=20260223T000816Z&X-Amz-Expires=604800&X-Amz-Signature=c708d2c0c13f794b27e03cc57c2a4d68ced2515e3fdecc80767f5d565445ee24&X-Amz-SignedHeaders=host&response-content-disposition=attachment%3B%20filename%3D40483b2b-d1f6-c5e1-1274-5c04e0487aa1.flac&x-id=GetObject,0.210247397,5640
MR2am-2019-06-09_02-00.flac,2019 Markham Ravine 2,2019,6,9,2,0,Pseudacris regilla,Common Song,41.15733337,41.56266785,1688,3281,24000,present,https://rfcx-streams-production.s3.eu-west-1.amazonaws.com/2019/06/08/ahjaw2h5cpk2/8c13bb00-76c9-be72-a72e-7a3e457d74b0.flac?X-Amz-Algorithm=AWS4-HMAC-SHA256&X-Amz-Content-Sha256=UNSIGNED-PAYLOAD&X-Amz-Credential=AKIA45B7YWBX5HAZMGOU%2F20260223%2Feu-west-1%2Fs3%2Faws4_request&X-Amz-Date=20260223T000816Z&X-Amz-Expires=604800&X-Amz-Signature=35e83393e4f3f3ad1e8c862a3325f123ec632852a8fd06619814316c0fbd9aeb&X-Amz-SignedHeaders=host&response-content-disposition=attachment%3B%20filename%3D8c13bb00-76c9-be72-a72e-7a3e457d74b0.flac&x-id=GetObject,0.230966508,5640
MR2am-2019-06-09_02-40.flac,2019 Markham Ravine 2,2019,6,9,2,40,Pseudacris regilla,Common Song,7.952000141,8.357333183,1688,3281,24000,present,https://rfcx-streams-production.s3.eu-west-1.amazonaws.com/2019/06/08/ahjaw2h5cpk2/c4ddafdf-238e-5450-79c6-8802bfc5e6fe.flac?X-Amz-Algorithm=AWS4-HMAC-SHA256&X-Amz-Content-Sha256=UNSIGNED-PAYLOAD&X-Amz-Credential=AKIA45B7YWBX5HAZMGOU%2F20260223%2Feu-west-1%2Fs3%2Faws4_request&X-Amz-Date=20260223T000819Z&X-Amz-Expires=604800&X-Amz-Signature=bed8b98b8840825afb0515378f7534376dd00621f59d753590e9e45891f916ad&X-Amz-SignedHeaders=host&response-content-disposition=attachment%3B%20filename%3Dc4ddafdf-238e-5450-79c6-8802bfc5e6fe.flac&x-id=GetObject,0.208632529,5640
MR2am-2019-06-20_21-20.flac,2019 Markham Ravine 2,2019,6,20,21,20,Pseudacris regilla,Common Song,46.13333511,46.53866577,1688,3281,24000,present,https://rfcx-streams-production.s3.eu-west-1.amazonaws.com/2019/06/20/ahjaw2h5cpk2/28fc4a93-4faf-4add-87b7-d42f9147fb6a.flac?X-Amz-Algorithm=AWS4-HMAC-SHA256&X-Amz-Content-Sha256=UNSIGNED-PAYLOAD&X-Amz-Credential=AKIA45B7YWBX5HAZMGOU%2F20260223%2Feu-west-1%2Fs3%2Faws4_request&X-Amz-Date=20260223T000820Z&X-Amz-Expires=604800&X-Amz-Signature=e1a678452965f35f46b84d1bcf5619cd1c4ed61aea98c7689a500cb482ceca1f&X-Amz-SignedHeaders=host&response-content-disposition=attachment%3B%20filename%3D28fc4a93-4faf-4add-87b7-d42f9147fb6a.flac&x-id=GetObject,0.232455894,5640
MR2am-2019-06-20_21-40.flac,2019 Markham Ravine 2,2019,6,20,21,40,Pseudacris regilla,Common Song,24.94400024,25.34933281,1688,3281,24000,present,https://rfcx-streams-production.s3.eu-west-1.amazonaws.com/2019/06/20/ahjaw2h5cpk2/3cfbd079-ecbe-65f7-8009-eba24426d794.flac?X-Amz-Algorithm=AWS4-HMAC-SHA256&X-Amz-Content-Sha256=UNSIGNED-PAYLOAD&X-Amz-Credential=AKIA45B7YWBX5HAZMGOU%2F20260223%2Feu-west-1%2Fs3%2Faws4_request&X-Amz-Date=20260223T000820Z&X-Amz-Expires=604800&X-Amz-Signature=d0651aadadaaa2d75c3b17690c9aad163b6fb027d35a54836cbd304cc7e61a12&X-Amz-SignedHeaders=host&response-content-disposition=attachment%3B%20filename%3D3cfbd079-ecbe-65f7-8009-eba24426d794.flac&x-id=GetObject,0.318517864,5640
MR2am-2019-06-20_22-00.flac,2019 Markham Ravine 2,2019,6,20,22,0,Pseudacris regilla,Common Song,21.30666733,21.71199989,1688,3281,24000,present,https://rfcx-streams-production.s3.eu-west-1.amazonaws.com/2019/06/20/ahjaw2h5cpk2/4b0889a7-c65f-65ba-1433-b925f7ad3387.flac?X-Amz-Algorithm=AWS4-HMAC-SHA256&X-Amz-Content-Sha256=UNSIGNED-PAYLOAD&X-Amz-Credential=AKIA45B7YWBX5HAZMGOU%2F20260223%2Feu-west-1%2Fs3%2Faws4_request&X-Amz-Date=20260223T000815Z&X-Amz-Expires=604800&X-Amz-Signature=971bcfa3d5a6c63bb36f7970a9ad27a1a903c0f14867d9c71d20f562b789dd44&X-Amz-SignedHeaders=host&response-content-disposition=attachment%3B%20filename%3D4b0889a7-c65f-65ba-1433-b925f7ad3387.flac&x-id=GetObject,0.244195312,5640
MR2am-2019-06-20_22-20.flac,2019 Markham Ravine 2,2019,6,20,22,20,Pseudacris regilla,Common Song,39.5253334,39.93066788,1688,3281,24000,present,https://rfcx-streams-production.s3.eu-west-1.amazonaws.com/2019/06/20/ahjaw2h5cpk2/0718569f-a89c-d1ba-8c4f-4020da9a18e3.flac?X-Amz-Algorithm=AWS4-HMAC-SHA256&X-Amz-Content-Sha256=UNSIGNED-PAYLOAD&X-Amz-Credential=AKIA45B7YWBX5HAZMGOU%2F20260223%2Feu-west-1%2Fs3%2Faws4_request&X-Amz-Date=20260223T000820Z&X-Amz-Expires=604800&X-Amz-Signature=1672a61b5940d92bcb31194e694789cb24a58cb6212938d49a2c4c3ce5916b9b&X-Amz-SignedHeaders=host&response-content-disposition=attachment%3B%20filename%3D0718569f-a89c-d1ba-8c4f-4020da9a18e3.flac&x-id=GetObject,0.270380318,5640
MR2am-2019-06-20_22-40.flac,2019 Markham Ravine 2,2019,6,20,22,40,Pseudacris regilla,Common Song,41.47200012,41.87733459,1688,3281,24000,present,https://rfcx-streams-production.s3.eu-west-1.amazonaws.com/2019/06/20/ahjaw2h5cpk2/f99e766d-f903-7e0f-28b7-6638fe3a0d12.flac?X-Amz-Algorithm=AWS4-HMAC-SHA256&X-Amz-Content-Sha256=UNSIGNED-PAYLOAD&X-Amz-Credential=AKIA45B7YWBX5HAZMGOU%2F20260223%2Feu-west-1%2Fs3%2Faws4_request&X-Amz-Date=20260223T000820Z&X-Amz-Expires=604800&X-Amz-Signature=307ea77b9ec25d1a9b0dae40640457e5f058685214677359cf1189cebaa77dea&X-Amz-SignedHeaders=host&response-content-disposition=attachment%3B%20filename%3Df99e766d-f903-7e0f-28b7-6638fe3a0d12.flac&x-id=GetObject,0.284412771,5640
MR2am-2019-06-20_23-00.flac,2019 Markham Ravine 2,2019,6,20,23,0,Pseudacris regilla,Common Song,18.43199921,18.83733368,1688,3281,24000,present,https://rfcx-streams-production.s3.eu-west-1.amazonaws.com/2019/06/20/ahjaw2h5cpk2/06e1b3ef-2370-0825-72f1-9a2db4c59d87.flac?X-Amz-Algorithm=AWS4-HMAC-SHA256&X-Amz-Content-Sha256=UNSIGNED-PAYLOAD&X-Amz-Credential=AKIA45B7YWBX5HAZMGOU%2F20260223%2Feu-west-1%2Fs3%2Faws4_request&X-Amz-Date=20260223T000815Z&X-Amz-Expires=604800&X-Amz-Signature=e3259c2e565fb9730f8bb8cd8bfb4628816f8f8bc2acb9aa559ea56e08a184bf&X-Amz-SignedHeaders=host&response-content-disposition=attachment%3B%20filename%3D06e1b3ef-2370-0825-72f1-9a2db4c59d87.flac&x-id=GetObject,0.277081251,5640
MR2am-2019-06-20_23-20.flac,2019 Markham Ravine 2,2019,6,20,23,20,Pseudacris regilla,Common Song,20.70400047,21.10933304,1688,3281,24000,present,https://rfcx-streams-production.s3.eu-west-1.amazonaws.com/2019/06/20/ahjaw2h5cpk2/5f208d56-c5c5-5409-c7b8-983c1c9efc5d.flac?X-Amz-Algorithm=AWS4-HMAC-SHA256&X-Amz-Content-Sha256=UNSIGNED-PAYLOAD&X-Amz-Credential=AKIA45B7YWBX5HAZMGOU%2F20260223%2Feu-west-1%2Fs3%2Faws4_request&X-Amz-Date=20260223T000820Z&X-Amz-Expires=604800&X-Amz-Signature=6c7e01c6ff301d056c30b2e9e1a6c516f81abf7c6dc63b731cd416e14addd3d5&X-Amz-SignedHeaders=host&response-content-disposition=attachment%3B%20filename%3D5f208d56-c5c5-5409-c7b8-983c1c9efc5d.flac&x-id=GetObject,0.286511749,5640
MR2am-2019-06-20_23-40.flac,2019 Markham Ravine 2,2019,6,20,23,40,Pseudacris regilla,Common Song,50.47999954,50.88533401,1688,3281,24000,present,https://rfcx-streams-production.s3.eu-west-1.amazonaws.com/2019/06/20/ahjaw2h5cpk2/9f4c0b2c-e4c2-8cda-642c-4ef465b3db2c.flac?X-Amz-Algorithm=AWS4-HMAC-SHA256&X-Amz-Content-Sha256=UNSIGNED-PAYLOAD&X-Amz-Credential=AKIA45B7YWBX5HAZMGOU%2F20260223%2Feu-west-1%2Fs3%2Faws4_request&X-Amz-Date=20260223T000820Z&X-Amz-Expires=604800&X-Amz-Signature=2be70c33ba3c7787c43c7585d7b70c95b2690820e73c778563fc629f0d38a929&X-Amz-SignedHeaders=host&response-content-disposition=attachment%3B%20filename%3D9f4c0b2c-e4c2-8cda-642c-4ef465b3db2c.flac&x-id=GetObject,0.222621053,5640
MR2am-2019-06-21_01-40.flac,2019 Markham Ravine 2,2019,6,21,1,40,Pseudacris regilla,Common Song,5.269333363,5.674666882,1688,3281,24000,present,https://rfcx-streams-production.s3.eu-west-1.amazonaws.com/2019/06/20/ahjaw2h5cpk2/be14fb05-c789-8faa-04a6-f736d77bc5e4.flac?X-Amz-Algorithm=AWS4-HMAC-SHA256&X-Amz-Content-Sha256=UNSIGNED-PAYLOAD&X-Amz-Credential=AKIA45B7YWBX5HAZMGOU%2F20260223%2Feu-west-1%2Fs3%2Faws4_request&X-Amz-Date=20260223T000820Z&X-Amz-Expires=604800&X-Amz-Signature=77170d7b7c09d69dd8903129a3f382128c18b7d75af8a19bb78fa9e3075c2f6c&X-Amz-SignedHeaders=host&response-content-disposition=attachment%3B%20filename%3Dbe14fb05-c789-8faa-04a6-f736d77bc5e4.flac&x-id=GetObject,0.204762667,5640
MR2am-2019-06-21_02-00.flac,2019 Markham Ravine 2,2019,6,21,2,0,Pseudacris regilla,Common Song,26.10133362,26.50666618,1688,3281,24000,present,https://rfcx-streams-production.s3.eu-west-1.amazonaws.com/2019/06/20/ahjaw2h5cpk2/c656cccd-b269-b931-df56-865dd77fcfbf.flac?X-Amz-Algorithm=AWS4-HMAC-SHA256&X-Amz-Content-Sha256=UNSIGNED-PAYLOAD&X-Amz-Credential=AKIA45B7YWBX5HAZMGOU%2F20260223%2Feu-west-1%2Fs3%2Faws4_request&X-Amz-Date=20260223T000815Z&X-Amz-Expires=604800&X-Amz-Signature=b5647eb0fcbf9984b170e7d3e1809c02994450b2b80ce7b84b3b619e056b0762&X-Amz-SignedHeaders=host&response-content-disposition=attachment%3B%20filename%3Dc656cccd-b269-b931-df56-865dd77fcfbf.flac&x-id=GetObject,0.218880862,5640
MR2am-2019-06-21_02-20.flac,2019 Markham Ravine 2,2019,6,21,2,20,Pseudacris regilla,Common Song,10.97599983,11.38133335,1688,3281,24000,present,https://rfcx-streams-production.s3.eu-west-1.amazonaws.com/2019/06/20/ahjaw2h5cpk2/c5a0b5ef-eb82-d0b6-c9b9-7c65fdd9c95c.flac?X-Amz-Algorithm=AWS4-HMAC-SHA256&X-Amz-Content-Sha256=UNSIGNED-PAYLOAD&X-Amz-Credential=AKIA45B7YWBX5HAZMGOU%2F20260223%2Feu-west-1%2Fs3%2Faws4_request&X-Amz-Date=20260223T000820Z&X-Amz-Expires=604800&X-Amz-Signature=b9f10801b94f7a9bc61743c45cd48313b94df77e950422814d1cb8846d82f271&X-Amz-SignedHeaders=host&response-content-disposition=attachment%3B%20filename%3Dc5a0b5ef-eb82-d0b6-c9b9-7c65fdd9c95c.flac&x-id=GetObject,0.220219761,5640
MR2am-2019-06-21_03-40.flac,2019 Markham Ravine 2,2019,6,21,3,40,Pseudacris regilla,Common Song,44.13333511,44.53866577,1688,3281,24000,present,https://rfcx-streams-production.s3.eu-west-1.amazonaws.com/2019/06/20/ahjaw2h5cpk2/cf168063-6866-18e7-4e4a-d452a1d1d8c7.flac?X-Amz-Algorithm=AWS4-HMAC-SHA256&X-Amz-Content-Sha256=UNSIGNED-PAYLOAD&X-Amz-Credential=AKIA45B7YWBX5HAZMGOU%2F20260223%2Feu-west-1%2Fs3%2Faws4_request&X-Amz-Date=20260223T000820Z&X-Amz-Expires=604800&X-Amz-Signature=42f8112e6c7b4f7e9bfb9a6490c1ef3635dbbf5897290fcb48c0ee36b7591841&X-Amz-SignedHeaders=host&response-content-disposition=attachment%3B%20filename%3Dcf168063-6866-18e7-4e4a-d452a1d1d8c7.flac&x-id=GetObject,0.235058963,5640
