id,recording,site,year,month,day,hour,minute,species,songtype,x1,x2,y1,y2,frequency,validated,url,score,site_id
997604034,S4A06592_20180427_084700.flac,2018 SJWA-rose-2,2018,4,27,8,47,Agelaius tricolor,Alternative Song 2,12.9493,13.3547,609,7406,12000,(not validated),https://rfcx-streams-production.s3.eu-west-1.amazonaws.com/2018/04/27/gunzylbkp5cs/29f34a63-1e7f-9e80-c4f5-b26b786d219d.flac?AWSAccessKeyId=AKIA45B7YWBX7MUJ7QCX&Expires=1764564865&Signature=FSemPNpKRcpK11C7vWV6eH%2FFUfY%3D,0.284496,3682
997604035,S4A06592_20180427_101100.flac,2018 SJWA-rose-2,2018,4,27,10,11,Agelaius tricolor,Alternative Song 2,26.9653,27.3707,609,7406,12000,(not validated),https://rfcx-streams-production.s3.eu-west-1.amazonaws.com/2018/04/27/gunzylbkp5cs/84d479ea-2e61-2f1f-e670-e296a95bca99.flac?AWSAccessKeyId=AKIA45B7YWBX7MUJ7QCX&Expires=1764564865&Signature=R7ZzkOiCujMb5xYfZ1r%2F4c%2FEWYs%3D,0.288709,3682
997604036,S4A06592_20180427_095000.flac,2018 SJWA-rose-2,2018,4,27,9,50,Agelaius tricolor,Alternative Song 2,28.224,28.6293,609,7406,12000,(not validated),https://rfcx-streams-production.s3.eu-west-1.amazonaws.com/2018/04/27/gunzylbkp5cs/7a6956ba-9f4d-f023-cef3-14069ebb1329.flac?AWSAccessKeyId=AKIA45B7YWBX7MUJ7QCX&Expires=1764564865&Signature=%2BKSE7gNHa1%2BL2gC%2BimWwbAdz%2B8s%3D,0.244664,3682
997604907,S4A06592_20180410_182600.flac,2018 SJWA-rose-2,2018,4,10,18,26,Agelaius tricolor,Alternative Song 2,9.024,9.42933,609,7406,12000,(not validated),https://rfcx-streams-production.s3.eu-west-1.amazonaws.com/2018/04/10/gunzylbkp5cs/abfdcc56-238e-4b8a-8f3e-2c466359d442.flac?AWSAccessKeyId=AKIA45B7YWBX7MUJ7QCX&Expires=1764564865&Signature=PvZKCmh0t%2FnDr807wTiG%2FRgPNDQ%3D,0.239974,3682
997604908,S4A06592_20180410_180500.flac,2018 SJWA-rose-2,2018,4,10,18,5,Agelaius tricolor,Alternative Song 2,35.328,35.7333,609,7406,12000,(not validated),https://rfcx-streams-production.s3.eu-west-1.amazonaws.com/2018/04/10/gunzylbkp5cs/dfb2a7a1-c1c0-e30a-f73c-4898bc99787a.flac?AWSAccessKeyId=AKIA45B7YWBX7MUJ7QCX&Expires=1764564865&Signature=XzDAwkpawhq6Hn4fr0iOa3p0lfs%3D,0.220334,3682
997604909,S4A06592_20180410_192900.flac,2018 SJWA-rose-2,2018,4,10,19,29,Agelaius tricolor,Alternative Song 2,9.03467,9.44,609,7406,12000,(not validated),https://rfcx-streams-production.s3.eu-west-1.amazonaws.com/2018/04/10/gunzylbkp5cs/79833b51-7d91-5468-17ac-26efd90ef5a5.flac?AWSAccessKeyId=AKIA45B7YWBX7MUJ7QCX&Expires=1764564865&Signature=Ar2yetUlPHpP9VJ6BZg%2FnBAz%2FjY%3D,0.203419,3682
997604910,S4A06592_20180410_184700.flac,2018 SJWA-rose-2,2018,4,10,18,47,Agelaius tricolor,Alternative Song 2,47.968,48.3733,609,7406,12000,(not validated),https://rfcx-streams-production.s3.eu-west-1.amazonaws.com/2018/04/10/gunzylbkp5cs/1f019920-131f-0a53-79f7-0df6bf3bbffc.flac?AWSAccessKeyId=AKIA45B7YWBX7MUJ7QCX&Expires=1764564865&Signature=LOIpmySMEDTdj60s73XPYFGW11I%3D,0.214879,3682
997604911,S4A06592_20180410_195000.flac,2018 SJWA-rose-2,2018,4,10,19,50,Agelaius tricolor,Alternative Song 2,14.9867,15.392,609,7406,12000,(not validated),https://rfcx-streams-production.s3.eu-west-1.amazonaws.com/2018/04/10/gunzylbkp5cs/e26ad51c-95ef-a2fd-5399-5f01d91895f8.flac?AWSAccessKeyId=AKIA45B7YWBX7MUJ7QCX&Expires=1764564865&Signature=JycwdcgAsdju8uI3rlKKY8nwI38%3D,0.21935,3682
997604912,S4A06592_20180410_201100.flac,2018 SJWA-rose-2,2018,4,10,20,11,Agelaius tricolor,Alternative Song 2,58.3467,58.752,609,7406,12000,(not validated),https://rfcx-streams-production.s3.eu-west-1.amazonaws.com/2018/04/10/gunzylbkp5cs/d2165dbc-2b26-574c-4f03-df935b44c86b.flac?AWSAccessKeyId=AKIA45B7YWBX7MUJ7QCX&Expires=1764564865&Signature=Z6Lere1JSGwEsZxWlg8g4LiwQ8g%3D,0.227026,3682
997604913,S4A06592_20180410_205300.flac,2018 SJWA-rose-2,2018,4,10,20,53,Agelaius tricolor,Alternative Song 2,30.8587,31.264,609,7406,12000,(not validated),https://rfcx-streams-production.s3.eu-west-1.amazonaws.com/2018/04/10/gunzylbkp5cs/ed78909e-00e5-cb11-bd91-a6a29dcee347.flac?AWSAccessKeyId=AKIA45B7YWBX7MUJ7QCX&Expires=1764564865&Signature=yCoUTqJnSSYzTb2gaZfn4zx6Q2Q%3D,0.252444,3682
997604914,S4A06592_20180410_215600.flac,2018 SJWA-rose-2,2018,4,10,21,56,Agelaius tricolor,Alternative Song 2,42.9973,43.4027,609,7406,12000,(not validated),https://rfcx-streams-production.s3.eu-west-1.amazonaws.com/2018/04/10/gunzylbkp5cs/14d7d211-1f18-c537-9a8f-6b16e6cb126c.flac?AWSAccessKeyId=AKIA45B7YWBX7MUJ7QCX&Expires=1764564865&Signature=zViVcHtLuMQ9Xn2R0%2B4dor1KZ5k%3D,0.214296,3682
997604915,S4A06592_20180410_211400.flac,2018 SJWA-rose-2,2018,4,10,21,14,Agelaius tricolor,Alternative Song 2,13.3867,13.792,609,7406,12000,(not validated),https://rfcx-streams-production.s3.eu-west-1.amazonaws.com/2018/04/10/gunzylbkp5cs/f5ec2b0a-588e-984f-eef2-b06c10a22a83.flac?AWSAccessKeyId=AKIA45B7YWBX7MUJ7QCX&Expires=1764564865&Signature=gHVmpFOY8P3aCbjhHx%2Fb0mEWKkQ%3D,0.308189,3682
997604916,S4A06592_20180410_221700.flac,2018 SJWA-rose-2,2018,4,10,22,17,Agelaius tricolor,Alternative Song 2,9.22667,9.632,609,7406,12000,(not validated),https://rfcx-streams-production.s3.eu-west-1.amazonaws.com/2018/04/10/gunzylbkp5cs/a222bc48-d8b3-9d29-edf9-298fa7f2a146.flac?AWSAccessKeyId=AKIA45B7YWBX7MUJ7QCX&Expires=1764564865&Signature=GtYgnjL5noyQ7HewkQUd%2B4FHWK0%3D,0.230625,3682
997604917,S4A06592_20180410_225900.flac,2018 SJWA-rose-2,2018,4,10,22,59,Agelaius tricolor,Alternative Song 2,8.87467,9.28,609,7406,12000,(not validated),https://rfcx-streams-production.s3.eu-west-1.amazonaws.com/2018/04/10/gunzylbkp5cs/3898333d-7256-79c5-3e3e-b66a75f3415b.flac?AWSAccessKeyId=AKIA45B7YWBX7MUJ7QCX&Expires=1764564865&Signature=hSV10JvsnDTj1zadAv7Zf1XOJPI%3D,0.229866,3682
997604918,S4A06592_20180410_203200.flac,2018 SJWA-rose-2,2018,4,10,20,32,Agelaius tricolor,Alternative Song 2,24.8,25.2053,609,7406,12000,(not validated),https://rfcx-streams-production.s3.eu-west-1.amazonaws.com/2018/04/10/gunzylbkp5cs/d1a00ecb-2e4b-b361-ffe1-1cb2864cc1ee.flac?AWSAccessKeyId=AKIA45B7YWBX7MUJ7QCX&Expires=1764564865&Signature=u0qSblsTycvwfXk6wsW4%2B5z6xDQ%3D,0.20687,3682
997604919,S4A06592_20180410_234100.flac,2018 SJWA-rose-2,2018,4,10,23,41,Agelaius tricolor,Alternative Song 2,17.6107,18.016,609,7406,12000,(not validated),https://rfcx-streams-production.s3.eu-west-1.amazonaws.com/2018/04/10/gunzylbkp5cs/fd36fb1c-e4df-e620-c13d-004fa411bd39.flac?AWSAccessKeyId=AKIA45B7YWBX7MUJ7QCX&Expires=1764564865&Signature=EoaKA1ekI2CkIV9rL3%2FbLdO3ETE%3D,0.238757,3682
997604920,S4A06592_20180411_000200.flac,2018 SJWA-rose-2,2018,4,11,0,2,Agelaius tricolor,Alternative Song 2,43.2213,43.6267,609,7406,12000,(not validated),https://rfcx-streams-production.s3.eu-west-1.amazonaws.com/2018/04/10/gunzylbkp5cs/039c3ff1-ba5e-72a5-6341-09c7419b10d8.flac?AWSAccessKeyId=AKIA45B7YWBX7MUJ7QCX&Expires=1764564865&Signature=6VCGISVw1gYShG6vXpwSHQtP690%3D,0.28252,3682
997604921,S4A06592_20180410_213500.flac,2018 SJWA-rose-2,2018,4,10,21,35,Agelaius tricolor,Alternative Song 2,5.696,6.10133,609,7406,12000,(not validated),https://rfcx-streams-production.s3.eu-west-1.amazonaws.com/2018/04/10/gunzylbkp5cs/d98ac419-1f9a-6d05-765c-54ed5a6c5706.flac?AWSAccessKeyId=AKIA45B7YWBX7MUJ7QCX&Expires=1764564865&Signature=z4f%2FF%2FPb2lXeH1nmYK1dqZDYhqA%3D,0.235271,3682
997604922,S4A06592_20180411_012600.flac,2018 SJWA-rose-2,2018,4,11,1,26,Agelaius tricolor,Alternative Song 2,0.149333,0.554667,609,7406,12000,(not validated),https://rfcx-streams-production.s3.eu-west-1.amazonaws.com/2018/04/10/gunzylbkp5cs/9b41a022-13b9-501a-c9a3-7eb9a06cc164.flac?AWSAccessKeyId=AKIA45B7YWBX7MUJ7QCX&Expires=1764564865&Signature=boe7zXuXwG7nypaGxYfIaOl29CU%3D,0.205708,3682
997604923,S4A06592_20180411_004400.flac,2018 SJWA-rose-2,2018,4,11,0,44,Agelaius tricolor,Alternative Song 2,21.184,21.5893,609,7406,12000,(not validated),https://rfcx-streams-production.s3.eu-west-1.amazonaws.com/2018/04/10/gunzylbkp5cs/42351c38-d52b-a111-5252-db8cf9eb578e.flac?AWSAccessKeyId=AKIA45B7YWBX7MUJ7QCX&Expires=1764564865&Signature=RAS3uYMvxPy4CI78gct%2FYNpN37I%3D,0.32046,3682
997604924,S4A06592_20180411_002300.flac,2018 SJWA-rose-2,2018,4,11,0,23,Agelaius tricolor,Alternative Song 2,31.4133,31.8187,609,7406,12000,(not validated),https://rfcx-streams-production.s3.eu-west-1.amazonaws.com/2018/04/10/gunzylbkp5cs/3d627cb0-3048-5284-c3b7-a6063091af37.flac?AWSAccessKeyId=AKIA45B7YWBX7MUJ7QCX&Expires=1764564865&Signature=1cWZxbE%2FZQB2PSQoAmu835QYd1Q%3D,0.223793,3682
997604925,S4A06592_20180410_232000.flac,2018 SJWA-rose-2,2018,4,10,23,20,Agelaius tricolor,Alternative Song 2,19.648,20.0533,609,7406,12000,(not validated),https://rfcx-streams-production.s3.eu-west-1.amazonaws.com/2018/04/10/gunzylbkp5cs/49cc84ca-6ed6-0dfb-9082-8ff2799a2652.flac?AWSAccessKeyId=AKIA45B7YWBX7MUJ7QCX&Expires=1764564865&Signature=l%2F1ypLIss3xzNJzng4EObUtifeQ%3D,0.276087,3682
997604926,S4A06592_20180411_020800.flac,2018 SJWA-rose-2,2018,4,11,2,8,Agelaius tricolor,Alternative Song 2,40.5973,41.0027,609,7406,12000,(not validated),https://rfcx-streams-production.s3.eu-west-1.amazonaws.com/2018/04/10/gunzylbkp5cs/f7f13b00-5f1e-10e3-7166-8392e3648ccf.flac?AWSAccessKeyId=AKIA45B7YWBX7MUJ7QCX&Expires=1764564865&Signature=w%2FFwgHBxdvVacQDWYqTxAAcr30U%3D,0.248893,3682
997604927,S4A06592_20180411_025000.flac,2018 SJWA-rose-2,2018,4,11,2,50,Agelaius tricolor,Alternative Song 2,52.608,53.0133,609,7406,12000,(not validated),https://rfcx-streams-production.s3.eu-west-1.amazonaws.com/2018/04/10/gunzylbkp5cs/f54346ba-6a0c-009e-a694-2f0c8f9c579a.flac?AWSAccessKeyId=AKIA45B7YWBX7MUJ7QCX&Expires=1764564865&Signature=M%2Bf%2BTrkOu7aei4NSXvMnLicwT2E%3D,0.211828,3682
997604928,S4A06592_20180411_014700.flac,2018 SJWA-rose-2,2018,4,11,1,47,Agelaius tricolor,Alternative Song 2,38.56,38.9653,609,7406,12000,(not validated),https://rfcx-streams-production.s3.eu-west-1.amazonaws.com/2018/04/10/gunzylbkp5cs/8da44b73-ee28-cd05-aeeb-c142f7d3d069.flac?AWSAccessKeyId=AKIA45B7YWBX7MUJ7QCX&Expires=1764564865&Signature=wMVvKmcwB0tsHwA6Cjh%2F55qDPtI%3D,0.302103,3682
997604929,S4A06592_20180411_035300.flac,2018 SJWA-rose-2,2018,4,11,3,53,Agelaius tricolor,Alternative Song 2,12.2347,12.64,609,7406,12000,(not validated),https://rfcx-streams-production.s3.eu-west-1.amazonaws.com/2018/04/10/gunzylbkp5cs/b79e65e6-766b-1b4b-c80c-b0c90945d614.flac?AWSAccessKeyId=AKIA45B7YWBX7MUJ7QCX&Expires=1764564865&Signature=bz9MQG6xLdoH%2FbtZxsEce0evVfU%3D,0.247073,3682
997604930,S4A06592_20180411_031100.flac,2018 SJWA-rose-2,2018,4,11,3,11,Agelaius tricolor,Alternative Song 2,1.344,1.74933,609,7406,12000,(not validated),https://rfcx-streams-production.s3.eu-west-1.amazonaws.com/2018/04/10/gunzylbkp5cs/7fa90b8a-de4b-dd9e-84fc-233eb2e77dca.flac?AWSAccessKeyId=AKIA45B7YWBX7MUJ7QCX&Expires=1764564865&Signature=kdTAuhAZr2zsBchW%2BX5HNOXHpNE%3D,0.209373,3682
997604931,S4A06592_20180411_033200.flac,2018 SJWA-rose-2,2018,4,11,3,32,Agelaius tricolor,Alternative Song 2,55.648,56.0533,609,7406,12000,(not validated),https://rfcx-streams-production.s3.eu-west-1.amazonaws.com/2018/04/10/gunzylbkp5cs/54003c56-d0a5-27bb-5fe2-8cb8a7fd56ce.flac?AWSAccessKeyId=AKIA45B7YWBX7MUJ7QCX&Expires=1764564865&Signature=DypjFI7Kc7NXKxbWrazQsi54OsY%3D,0.251667,3682
997604932,S4A06592_20180411_053800.flac,2018 SJWA-rose-2,2018,4,11,5,38,Agelaius tricolor,Alternative Song 2,23.3813,23.7867,609,7406,12000,(not validated),https://rfcx-streams-production.s3.eu-west-1.amazonaws.com/2018/04/10/gunzylbkp5cs/605066e2-497a-d762-0a87-792fc252c0d1.flac?AWSAccessKeyId=AKIA45B7YWBX7MUJ7QCX&Expires=1764564865&Signature=0%2Bv1V2MVMy9XJCUQmDQ5TXf7DP8%3D,0.255936,3682
997604933,S4A06592_20180411_043500.flac,2018 SJWA-rose-2,2018,4,11,4,35,Agelaius tricolor,Alternative Song 2,14.176,14.5813,609,7406,12000,(not validated),https://rfcx-streams-production.s3.eu-west-1.amazonaws.com/2018/04/10/gunzylbkp5cs/f750ab29-1a4b-15a4-a3e9-50cf7c63f369.flac?AWSAccessKeyId=AKIA45B7YWBX7MUJ7QCX&Expires=1764564865&Signature=WPb2PHvvADezbs%2FeRYCDyyMw1wo%3D,0.264748,3682
997604934,S4A06592_20180411_045600.flac,2018 SJWA-rose-2,2018,4,11,4,56,Agelaius tricolor,Alternative Song 2,44.5227,44.928,609,7406,12000,(not validated),https://rfcx-streams-production.s3.eu-west-1.amazonaws.com/2018/04/10/gunzylbkp5cs/c6557436-00c5-ad85-e95e-bac3e09fd13d.flac?AWSAccessKeyId=AKIA45B7YWBX7MUJ7QCX&Expires=1764564865&Signature=kV%2FsWy0Vc9sdFdckscNWYK4B0oY%3D,0.23422,3682
997604935,S4A06592_20180411_051700.flac,2018 SJWA-rose-2,2018,4,11,5,17,Agelaius tricolor,Alternative Song 2,31.0827,31.488,609,7406,12000,(not validated),https://rfcx-streams-production.s3.eu-west-1.amazonaws.com/2018/04/10/gunzylbkp5cs/da4ca5c3-effc-6917-d5b5-8b6ba33863d1.flac?AWSAccessKeyId=AKIA45B7YWBX7MUJ7QCX&Expires=1764564865&Signature=dRBoDkzC3MVN3PQ6TzAXBwMF2UE%3D,0.323541,3682
997604936,S4A06592_20180411_090800.flac,2018 SJWA-rose-2,2018,4,11,9,8,Agelaius tricolor,Alternative Song 2,38.176,38.5813,609,7406,12000,(not validated),https://rfcx-streams-production.s3.eu-west-1.amazonaws.com/2018/04/11/gunzylbkp5cs/f956c29f-c601-be0c-fa8a-40ca8cae59f5.flac?AWSAccessKeyId=AKIA45B7YWBX7MUJ7QCX&Expires=1764564865&Signature=seFmx5f1pOH5H7SmDv1Ch%2B%2BycwM%3D,0.222441,3682
997604937,S4A06592_20180411_095000.flac,2018 SJWA-rose-2,2018,4,11,9,50,Agelaius tricolor,Alternative Song 2,38.0693,38.4747,609,7406,12000,(not validated),https://rfcx-streams-production.s3.eu-west-1.amazonaws.com/2018/04/11/gunzylbkp5cs/3ca9decc-9058-ab43-b875-60bd65d46427.flac?AWSAccessKeyId=AKIA45B7YWBX7MUJ7QCX&Expires=1764564865&Signature=ADd5JAchzmrBhlKQ50AcPB%2FbqiA%3D,0.215129,3682
997604938,S4A06592_20180411_062000.flac,2018 SJWA-rose-2,2018,4,11,6,20,Agelaius tricolor,Alternative Song 2,54.5067,54.912,609,7406,12000,(not validated),https://rfcx-streams-production.s3.eu-west-1.amazonaws.com/2018/04/10/gunzylbkp5cs/bb742fbc-b864-cacf-fedb-e1468945792a.flac?AWSAccessKeyId=AKIA45B7YWBX7MUJ7QCX&Expires=1764564865&Signature=v4EZHE3t0Y8jpwrXmSzXTJDjmQI%3D,0.245047,3682
997604939,S4A06592_20180411_103200.flac,2018 SJWA-rose-2,2018,4,11,10,32,Agelaius tricolor,Alternative Song 2,44.576,44.9813,609,7406,12000,(not validated),https://rfcx-streams-production.s3.eu-west-1.amazonaws.com/2018/04/11/gunzylbkp5cs/c2d20540-83a7-0981-8cc7-578308101547.flac?AWSAccessKeyId=AKIA45B7YWBX7MUJ7QCX&Expires=1764564865&Signature=liIEE6Uro08nEWDpW9pQXuhlnNc%3D,0.330345,3682
997604940,S4A06592_20180411_101100.flac,2018 SJWA-rose-2,2018,4,11,10,11,Agelaius tricolor,Alternative Song 2,42.6773,43.0827,609,7406,12000,(not validated),https://rfcx-streams-production.s3.eu-west-1.amazonaws.com/2018/04/11/gunzylbkp5cs/1f9f9f8e-5810-f3b4-e4a5-7bfc8471cafd.flac?AWSAccessKeyId=AKIA45B7YWBX7MUJ7QCX&Expires=1764564865&Signature=SfSQL24gAr0w%2FnJZX3x%2BRED9zQk%3D,0.219903,3682
997604941,S4A06592_20180411_111400.flac,2018 SJWA-rose-2,2018,4,11,11,14,Agelaius tricolor,Alternative Song 2,34.112,34.5173,609,7406,12000,(not validated),https://rfcx-streams-production.s3.eu-west-1.amazonaws.com/2018/04/11/gunzylbkp5cs/c71b60bc-1ede-db0e-b73f-96dc298a2bd2.flac?AWSAccessKeyId=AKIA45B7YWBX7MUJ7QCX&Expires=1764564865&Signature=r8iQAedgLbPcIjKi9kynh8ty0B0%3D,0.280811,3682
997604942,S4A06592_20180411_113500.flac,2018 SJWA-rose-2,2018,4,11,11,35,Agelaius tricolor,Alternative Song 2,50.8373,51.2427,609,7406,12000,present,https://rfcx-streams-production.s3.eu-west-1.amazonaws.com/2018/04/11/gunzylbkp5cs/35467bdd-a4a3-7e0e-218c-26c3f3c5325d.flac?AWSAccessKeyId=AKIA45B7YWBX7MUJ7QCX&Expires=1764564865&Signature=5uwW%2BHmILIjnzXSUleRKVOXjLcs%3D,0.30562,3682
997604943,S4A06592_20180411_123800.flac,2018 SJWA-rose-2,2018,4,11,12,38,Agelaius tricolor,Alternative Song 2,33.6,34.0053,609,7406,12000,(not validated),https://rfcx-streams-production.s3.eu-west-1.amazonaws.com/2018/04/11/gunzylbkp5cs/c48d0259-bf91-e4dc-6f58-1fbaa45ed07d.flac?AWSAccessKeyId=AKIA45B7YWBX7MUJ7QCX&Expires=1764564865&Signature=0zbp4ONInijZ4vvs2OLbi%2B7%2BTRo%3D,0.211181,3682
997604944,S4A06592_20180411_105300.flac,2018 SJWA-rose-2,2018,4,11,10,53,Agelaius tricolor,Alternative Song 2,3.36,3.76533,609,7406,12000,(not validated),https://rfcx-streams-production.s3.eu-west-1.amazonaws.com/2018/04/11/gunzylbkp5cs/68db3cf5-4f4e-edf6-61a0-bdaa62e21688.flac?AWSAccessKeyId=AKIA45B7YWBX7MUJ7QCX&Expires=1764564865&Signature=BiJvMU7p2gFZMMbovpHbNrK3QFo%3D,0.27389,3682
997604945,S4A06592_20180411_132000.flac,2018 SJWA-rose-2,2018,4,11,13,20,Agelaius tricolor,Alternative Song 2,13.344,13.7493,609,7406,12000,(not validated),https://rfcx-streams-production.s3.eu-west-1.amazonaws.com/2018/04/11/gunzylbkp5cs/3b3be3fc-33b1-fc48-4360-591e10d86d2f.flac?AWSAccessKeyId=AKIA45B7YWBX7MUJ7QCX&Expires=1764564865&Signature=l09rc1rzcmwJ47UnSDYqq8SpPkE%3D,0.209572,3682
997604946,S4A06592_20180411_121700.flac,2018 SJWA-rose-2,2018,4,11,12,17,Agelaius tricolor,Alternative Song 2,20.0533,20.4587,609,7406,12000,(not validated),https://rfcx-streams-production.s3.eu-west-1.amazonaws.com/2018/04/11/gunzylbkp5cs/40c88f5d-edab-6839-d036-1c894f6d8af0.flac?AWSAccessKeyId=AKIA45B7YWBX7MUJ7QCX&Expires=1764564865&Signature=vPO7Kej9eStTMYsJxebjsGm2kEg%3D,0.239279,3682
997604947,S4A06592_20180411_115600.flac,2018 SJWA-rose-2,2018,4,11,11,56,Agelaius tricolor,Alternative Song 2,29.3973,29.8027,609,7406,12000,(not validated),https://rfcx-streams-production.s3.eu-west-1.amazonaws.com/2018/04/11/gunzylbkp5cs/9d82316a-539c-9a39-eb34-8f0683115e41.flac?AWSAccessKeyId=AKIA45B7YWBX7MUJ7QCX&Expires=1764564865&Signature=%2FdRo82kftJPwk2Cy%2BzfJyWORtbA%3D,0.218452,3682
997604948,S4A06592_20180411_140200.flac,2018 SJWA-rose-2,2018,4,11,14,2,Agelaius tricolor,Alternative Song 2,27.7333,28.1387,609,7406,12000,(not validated),https://rfcx-streams-production.s3.eu-west-1.amazonaws.com/2018/04/11/gunzylbkp5cs/56e5f36a-7940-8ef7-6259-9406617c48a1.flac?AWSAccessKeyId=AKIA45B7YWBX7MUJ7QCX&Expires=1764564865&Signature=qAJ1bsv5AzyvK%2BxSYounWoltisA%3D,0.225601,3682
997604949,S4A06592_20180411_144400.flac,2018 SJWA-rose-2,2018,4,11,14,44,Agelaius tricolor,Alternative Song 2,27.68,28.0853,609,7406,12000,(not validated),https://rfcx-streams-production.s3.eu-west-1.amazonaws.com/2018/04/11/gunzylbkp5cs/fd460677-3103-41f7-2c1d-e5a9db4ceee1.flac?AWSAccessKeyId=AKIA45B7YWBX7MUJ7QCX&Expires=1764564865&Signature=4QRx%2FcLtla3FDfJvl75aBVdeddw%3D,0.225254,3682
997604950,S4A06592_20180411_152600.flac,2018 SJWA-rose-2,2018,4,11,15,26,Agelaius tricolor,Alternative Song 2,20.8427,21.248,609,7406,12000,(not validated),https://rfcx-streams-production.s3.eu-west-1.amazonaws.com/2018/04/11/gunzylbkp5cs/df059d76-a717-4ed8-eaf6-ec2354ecea4a.flac?AWSAccessKeyId=AKIA45B7YWBX7MUJ7QCX&Expires=1764564865&Signature=u1QC1v5ucx%2Fh6IFh0t7O08oRAzM%3D,0.21674,3682
997604951,S4A06592_20180411_150500.flac,2018 SJWA-rose-2,2018,4,11,15,5,Agelaius tricolor,Alternative Song 2,50.0373,50.4427,609,7406,12000,(not validated),https://rfcx-streams-production.s3.eu-west-1.amazonaws.com/2018/04/11/gunzylbkp5cs/b8b51abb-167b-9722-b5de-4049ef56db7a.flac?AWSAccessKeyId=AKIA45B7YWBX7MUJ7QCX&Expires=1764564865&Signature=MZvW41GTxQrMeM9OyYrOiuQWeJo%3D,0.241711,3682
997604952,S4A06592_20180411_155900.flac,2018 SJWA-rose-2,2018,4,11,15,59,Agelaius tricolor,Alternative Song 2,56.8853,57.2907,609,7406,12000,(not validated),https://rfcx-streams-production.s3.eu-west-1.amazonaws.com/2018/04/11/gunzylbkp5cs/c9b02410-44dc-2bf3-cf15-552d55f0e325.flac?AWSAccessKeyId=AKIA45B7YWBX7MUJ7QCX&Expires=1764564865&Signature=qqhemRyBEnPisCcP52Pf8sDygQU%3D,0.205831,3682
997604953,S4A06592_20180411_154700.flac,2018 SJWA-rose-2,2018,4,11,15,47,Agelaius tricolor,Alternative Song 2,59.4667,59.872,609,7406,12000,(not validated),https://rfcx-streams-production.s3.eu-west-1.amazonaws.com/2018/04/11/gunzylbkp5cs/cffdfb44-214a-9d1b-9166-505b42bfdbd8.flac?AWSAccessKeyId=AKIA45B7YWBX7MUJ7QCX&Expires=1764564865&Signature=%2B73ZzT9B%2BHRgbdBWYAfk8chQzAc%3D,0.209277,3682
997604954,S4A06592_20180411_162000.flac,2018 SJWA-rose-2,2018,4,11,16,20,Agelaius tricolor,Alternative Song 2,44.3733,44.7787,609,7406,12000,(not validated),https://rfcx-streams-production.s3.eu-west-1.amazonaws.com/2018/04/11/gunzylbkp5cs/c969890d-1297-ee80-81c4-0643cd95b563.flac?AWSAccessKeyId=AKIA45B7YWBX7MUJ7QCX&Expires=1764564865&Signature=YY4Tko034y9hOMQ5PM5HUuAx8KU%3D,0.203828,3682
997604955,S4A06592_20180411_172300.flac,2018 SJWA-rose-2,2018,4,11,17,23,Agelaius tricolor,Alternative Song 2,51.8613,52.2667,609,7406,12000,(not validated),https://rfcx-streams-production.s3.eu-west-1.amazonaws.com/2018/04/11/gunzylbkp5cs/b668fb42-e2fe-fb66-d904-4788c532c798.flac?AWSAccessKeyId=AKIA45B7YWBX7MUJ7QCX&Expires=1764564865&Signature=nAbyHO%2FNA%2F7mpxYAcw59pefLVxE%3D,0.254447,3682
997604956,S4A06592_20180411_190800.flac,2018 SJWA-rose-2,2018,4,11,19,8,Agelaius tricolor,Alternative Song 2,15.4453,15.8507,609,7406,12000,(not validated),https://rfcx-streams-production.s3.eu-west-1.amazonaws.com/2018/04/11/gunzylbkp5cs/6185b903-5172-b22e-d327-48ee1c1d1abf.flac?AWSAccessKeyId=AKIA45B7YWBX7MUJ7QCX&Expires=1764564865&Signature=IFFqCBdqQ1p5zmSWebo9%2FTtAwnE%3D,0.226054,3682
997604957,S4A06592_20180411_201100.flac,2018 SJWA-rose-2,2018,4,11,20,11,Agelaius tricolor,Alternative Song 2,48.4587,48.864,609,7406,12000,(not validated),https://rfcx-streams-production.s3.eu-west-1.amazonaws.com/2018/04/11/gunzylbkp5cs/1cc39ea1-b29e-c7cd-02cd-837286f6e018.flac?AWSAccessKeyId=AKIA45B7YWBX7MUJ7QCX&Expires=1764564865&Signature=UTKyPukbNu0JzFhCLWrJA6D9J6o%3D,0.225498,3682
997604958,S4A06592_20180411_205300.flac,2018 SJWA-rose-2,2018,4,11,20,53,Agelaius tricolor,Alternative Song 2,59.1787,59.584,609,7406,12000,(not validated),https://rfcx-streams-production.s3.eu-west-1.amazonaws.com/2018/04/11/gunzylbkp5cs/ebb972a0-3a0d-9c20-1cbc-4d01d3593fe9.flac?AWSAccessKeyId=AKIA45B7YWBX7MUJ7QCX&Expires=1764564865&Signature=K1c%2BXGZrDUJ7UAZbQlX4JHVuOoA%3D,0.209617,3682
997604959,S4A06592_20180411_213500.flac,2018 SJWA-rose-2,2018,4,11,21,35,Agelaius tricolor,Alternative Song 2,26.912,27.3173,609,7406,12000,(not validated),https://rfcx-streams-production.s3.eu-west-1.amazonaws.com/2018/04/11/gunzylbkp5cs/4bb3feb9-8f27-b7b0-83dc-b6ed1a771d6a.flac?AWSAccessKeyId=AKIA45B7YWBX7MUJ7QCX&Expires=1764564865&Signature=%2BLhmGGwiuXhzrYdJghjJLKyE5%2FU%3D,0.215075,3682
997604960,S4A06592_20180411_221700.flac,2018 SJWA-rose-2,2018,4,11,22,17,Agelaius tricolor,Alternative Song 2,23.104,23.5093,609,7406,12000,(not validated),https://rfcx-streams-production.s3.eu-west-1.amazonaws.com/2018/04/11/gunzylbkp5cs/48565753-754a-c493-c9a5-1ee519762e5e.flac?AWSAccessKeyId=AKIA45B7YWBX7MUJ7QCX&Expires=1764564865&Signature=BkK71TxQASbru8PdZHyfFUJzucw%3D,0.279922,3682
997604961,S4A06592_20180411_215600.flac,2018 SJWA-rose-2,2018,4,11,21,56,Agelaius tricolor,Alternative Song 2,37.8987,38.304,609,7406,12000,(not validated),https://rfcx-streams-production.s3.eu-west-1.amazonaws.com/2018/04/11/gunzylbkp5cs/43a77b5c-5b4e-f5f6-3a9d-f02285605c47.flac?AWSAccessKeyId=AKIA45B7YWBX7MUJ7QCX&Expires=1764564865&Signature=TnIlZdQ45Pdc9Wl3hC3eqO0DzEA%3D,0.25589,3682
997604962,S4A06592_20180411_223800.flac,2018 SJWA-rose-2,2018,4,11,22,38,Agelaius tricolor,Alternative Song 2,59.2427,59.648,609,7406,12000,(not validated),https://rfcx-streams-production.s3.eu-west-1.amazonaws.com/2018/04/11/gunzylbkp5cs/d1ae2b65-e161-2b9e-b756-865f1b70e861.flac?AWSAccessKeyId=AKIA45B7YWBX7MUJ7QCX&Expires=1764564865&Signature=nDCadfkiXv6Dx64OyjT9UpB%2FTys%3D,0.202529,3682
997604963,S4A06592_20180411_232000.flac,2018 SJWA-rose-2,2018,4,11,23,20,Agelaius tricolor,Alternative Song 2,7.70133,8.10667,609,7406,12000,(not validated),https://rfcx-streams-production.s3.eu-west-1.amazonaws.com/2018/04/11/gunzylbkp5cs/63907734-4df7-4e5b-2e9e-fe1d8c47b9a2.flac?AWSAccessKeyId=AKIA45B7YWBX7MUJ7QCX&Expires=1764564865&Signature=uMEP6aD16aCShCcKZ9xyKSCs8eU%3D,0.2415,3682
997604964,S4A06592_20180411_234100.flac,2018 SJWA-rose-2,2018,4,11,23,41,Agelaius tricolor,Alternative Song 2,25.9307,26.336,609,7406,12000,(not validated),https://rfcx-streams-production.s3.eu-west-1.amazonaws.com/2018/04/11/gunzylbkp5cs/aa0d3138-58cb-a674-049a-42e35f07e666.flac?AWSAccessKeyId=AKIA45B7YWBX7MUJ7QCX&Expires=1764564865&Signature=4dk%2BaDnImxsmnjMH5Z%2FCl01Cyog%3D,0.246102,3682
997604965,S4A06592_20180412_000200.flac,2018 SJWA-rose-2,2018,4,12,0,2,Agelaius tricolor,Alternative Song 2,12.992,13.3973,609,7406,12000,(not validated),https://rfcx-streams-production.s3.eu-west-1.amazonaws.com/2018/04/11/gunzylbkp5cs/ba0c29c0-9877-2d3d-766a-79651a7b6e0e.flac?AWSAccessKeyId=AKIA45B7YWBX7MUJ7QCX&Expires=1764564865&Signature=mDuU8h4zg53wSiKCceA92nBL8gA%3D,0.203102,3682
997604966,S4A06592_20180412_004400.flac,2018 SJWA-rose-2,2018,4,12,0,44,Agelaius tricolor,Alternative Song 2,2.02667,2.432,609,7406,12000,(not validated),https://rfcx-streams-production.s3.eu-west-1.amazonaws.com/2018/04/11/gunzylbkp5cs/f0f77c08-24ec-3184-d139-f3ab3267ac13.flac?AWSAccessKeyId=AKIA45B7YWBX7MUJ7QCX&Expires=1764564865&Signature=XVwVELdsY%2F%2FHdspNOZ%2FvkK91jyU%3D,0.226808,3682
997604967,S4A06592_20180412_010500.flac,2018 SJWA-rose-2,2018,4,12,1,5,Agelaius tricolor,Alternative Song 2,18.496,18.9013,609,7406,12000,(not validated),https://rfcx-streams-production.s3.eu-west-1.amazonaws.com/2018/04/11/gunzylbkp5cs/40697f5f-0456-6323-c9c2-6a484c3e3377.flac?AWSAccessKeyId=AKIA45B7YWBX7MUJ7QCX&Expires=1764564865&Signature=3eUKFA9UZcGjoL%2FWmLXBRDCchEk%3D,0.340129,3682
997604968,S4A06592_20180412_020800.flac,2018 SJWA-rose-2,2018,4,12,2,8,Agelaius tricolor,Alternative Song 2,5.51467,5.92,609,7406,12000,(not validated),https://rfcx-streams-production.s3.eu-west-1.amazonaws.com/2018/04/11/gunzylbkp5cs/0bfc04f1-3ed0-64cf-cc6c-b9d1a64af6f0.flac?AWSAccessKeyId=AKIA45B7YWBX7MUJ7QCX&Expires=1764564865&Signature=ZDpWfXp5%2FdypGxw3ZsCup5nyouY%3D,0.296547,3682
997604969,S4A06592_20180412_025000.flac,2018 SJWA-rose-2,2018,4,12,2,50,Agelaius tricolor,Alternative Song 2,55.68,56.0853,609,7406,12000,(not validated),https://rfcx-streams-production.s3.eu-west-1.amazonaws.com/2018/04/11/gunzylbkp5cs/70800d84-4da8-67f4-67aa-38c9d40c2268.flac?AWSAccessKeyId=AKIA45B7YWBX7MUJ7QCX&Expires=1764564865&Signature=wO8NkrUN2c42lF%2FxgghqSR%2B6V0k%3D,0.231053,3682
997604970,S4A06592_20180412_012600.flac,2018 SJWA-rose-2,2018,4,12,1,26,Agelaius tricolor,Alternative Song 2,48.9173,49.3227,609,7406,12000,(not validated),https://rfcx-streams-production.s3.eu-west-1.amazonaws.com/2018/04/11/gunzylbkp5cs/85192a45-47bc-4123-0357-60a0998890ee.flac?AWSAccessKeyId=AKIA45B7YWBX7MUJ7QCX&Expires=1764564865&Signature=zpw06Rj%2FbLZ5ep%2FtRXEf2E0Niwo%3D,0.336666,3682
997604971,S4A06592_20180412_031100.flac,2018 SJWA-rose-2,2018,4,12,3,11,Agelaius tricolor,Alternative Song 2,54.0907,54.496,609,7406,12000,(not validated),https://rfcx-streams-production.s3.eu-west-1.amazonaws.com/2018/04/11/gunzylbkp5cs/06945900-d807-fbed-3170-1cf525728f22.flac?AWSAccessKeyId=AKIA45B7YWBX7MUJ7QCX&Expires=1764564865&Signature=I2zp3RyNVICWCzSbW%2F1%2FByHIGIw%3D,0.243184,3682
997604972,S4A06592_20180412_022900.flac,2018 SJWA-rose-2,2018,4,12,2,29,Agelaius tricolor,Alternative Song 2,48.1813,48.5867,609,7406,12000,(not validated),https://rfcx-streams-production.s3.eu-west-1.amazonaws.com/2018/04/11/gunzylbkp5cs/2bbbf2a1-4624-2535-671a-bf61a3438051.flac?AWSAccessKeyId=AKIA45B7YWBX7MUJ7QCX&Expires=1764564865&Signature=sGS5ftOPhTH3hkJutJIC8gI7GSA%3D,0.246655,3682
997604973,S4A06592_20180412_035300.flac,2018 SJWA-rose-2,2018,4,12,3,53,Agelaius tricolor,Alternative Song 2,43.4347,43.84,609,7406,12000,(not validated),https://rfcx-streams-production.s3.eu-west-1.amazonaws.com/2018/04/11/gunzylbkp5cs/b2540879-e706-ca14-a3b4-176ad3a931f2.flac?AWSAccessKeyId=AKIA45B7YWBX7MUJ7QCX&Expires=1764564865&Signature=3uB0LdYDapabeTJ3ek4%2BX4Nfnmg%3D,0.206055,3682
997604974,S4A06592_20180412_041400.flac,2018 SJWA-rose-2,2018,4,12,4,14,Agelaius tricolor,Alternative Song 2,33.0347,33.44,609,7406,12000,(not validated),https://rfcx-streams-production.s3.eu-west-1.amazonaws.com/2018/04/11/gunzylbkp5cs/86850cec-4772-6f4a-d593-f920475232b6.flac?AWSAccessKeyId=AKIA45B7YWBX7MUJ7QCX&Expires=1764564865&Signature=EhGsNiJhEQApOlSsCohZOmVlE%2F0%3D,0.230298,3682
997604975,S4A06592_20180412_051700.flac,2018 SJWA-rose-2,2018,4,12,5,17,Agelaius tricolor,Alternative Song 2,25.3867,25.792,609,7406,12000,(not validated),https://rfcx-streams-production.s3.eu-west-1.amazonaws.com/2018/04/11/gunzylbkp5cs/00b5e912-6c54-4e10-d8f2-e6403171b3c6.flac?AWSAccessKeyId=AKIA45B7YWBX7MUJ7QCX&Expires=1764564865&Signature=%2Fok8K%2Fl8ApeIxZJ7UTGvnMjdJLk%3D,0.232525,3682
997604976,S4A06592_20180412_064100.flac,2018 SJWA-rose-2,2018,4,12,6,41,Agelaius tricolor,Alternative Song 2,46.752,47.1573,609,7406,12000,(not validated),https://rfcx-streams-production.s3.eu-west-1.amazonaws.com/2018/04/11/gunzylbkp5cs/52c715ff-fd15-56bc-faa3-4d7e2350f4d4.flac?AWSAccessKeyId=AKIA45B7YWBX7MUJ7QCX&Expires=1764564865&Signature=FVppCkuF7v%2FbLUNgnVwP2gAQC64%3D,0.203277,3682
997604977,S4A06592_20180412_053800.flac,2018 SJWA-rose-2,2018,4,12,5,38,Agelaius tricolor,Alternative Song 2,34.9973,35.4027,609,7406,12000,(not validated),https://rfcx-streams-production.s3.eu-west-1.amazonaws.com/2018/04/11/gunzylbkp5cs/16fecc36-a859-dbbf-fa65-e86e73d36539.flac?AWSAccessKeyId=AKIA45B7YWBX7MUJ7QCX&Expires=1764564865&Signature=1KXe2dyg7T9DPqWym7mZlbJyKvs%3D,0.224869,3682
997604978,S4A06592_20180412_074400.flac,2018 SJWA-rose-2,2018,4,12,7,44,Agelaius tricolor,Alternative Song 2,41.888,42.2933,609,7406,12000,(not validated),https://rfcx-streams-production.s3.eu-west-1.amazonaws.com/2018/04/12/gunzylbkp5cs/6be96ad5-8970-d590-5744-1917d9483073.flac?AWSAccessKeyId=AKIA45B7YWBX7MUJ7QCX&Expires=1764564865&Signature=njg8%2FKnV17RujBZHwxZXl%2F9q5AQ%3D,0.203866,3682
997604979,S4A06592_20180412_062000.flac,2018 SJWA-rose-2,2018,4,12,6,20,Agelaius tricolor,Alternative Song 2,43.328,43.7333,609,7406,12000,(not validated),https://rfcx-streams-production.s3.eu-west-1.amazonaws.com/2018/04/11/gunzylbkp5cs/c700e0fa-4150-5fa2-139f-547389a5a876.flac?AWSAccessKeyId=AKIA45B7YWBX7MUJ7QCX&Expires=1764564865&Signature=avwritX1TMU3ISiZfwMaLnP6q%2FU%3D,0.210587,3682
997604980,S4A06592_20180412_084700.flac,2018 SJWA-rose-2,2018,4,12,8,47,Agelaius tricolor,Alternative Song 2,31.744,32.1493,609,7406,12000,(not validated),https://rfcx-streams-production.s3.eu-west-1.amazonaws.com/2018/04/12/gunzylbkp5cs/43113679-d016-e401-0d78-8152b31715a2.flac?AWSAccessKeyId=AKIA45B7YWBX7MUJ7QCX&Expires=1764564865&Signature=JPURTejJ3xSBaB0IMPyXyCuBnlA%3D,0.20132,3682
997604981,S4A06592_20180420_184700.flac,2018 SJWA-rose-2,2018,4,20,18,47,Agelaius tricolor,Alternative Song 2,25.8987,26.304,609,7406,12000,(not validated),https://rfcx-streams-production.s3.eu-west-1.amazonaws.com/2018/04/20/gunzylbkp5cs/e0210181-1453-9d66-43ce-fdb5f5c059b3.flac?AWSAccessKeyId=AKIA45B7YWBX7MUJ7QCX&Expires=1764564865&Signature=7UaHhb%2FUhP0dPh9LO5UgorNGfec%3D,0.207759,3682
997604982,S4A06592_20180420_155900.flac,2018 SJWA-rose-2,2018,4,20,15,59,Agelaius tricolor,Alternative Song 2,10.8907,11.296,609,7406,12000,(not validated),https://rfcx-streams-production.s3.eu-west-1.amazonaws.com/2018/04/20/gunzylbkp5cs/0553bcf3-0377-f144-ee27-a75429e08661.flac?AWSAccessKeyId=AKIA45B7YWBX7MUJ7QCX&Expires=1764564865&Signature=tdM1TpEWzVPqxxEAksNQaLsjmjM%3D,0.200081,3682
997604983,S4A06592_20180420_162000.flac,2018 SJWA-rose-2,2018,4,20,16,20,Agelaius tricolor,Alternative Song 2,46.88,47.2853,609,7406,12000,(not validated),https://rfcx-streams-production.s3.eu-west-1.amazonaws.com/2018/04/20/gunzylbkp5cs/ca6a1b2c-9316-c5df-860c-2d41ccc8de0a.flac?AWSAccessKeyId=AKIA45B7YWBX7MUJ7QCX&Expires=1764564865&Signature=rQFSv0GY%2BpDdrZxvi9qKVMhwQyA%3D,0.233145,3682
997604984,S4A06592_20180420_190800.flac,2018 SJWA-rose-2,2018,4,20,19,8,Agelaius tricolor,Alternative Song 2,8.14933,8.55467,609,7406,12000,present,https://rfcx-streams-production.s3.eu-west-1.amazonaws.com/2018/04/20/gunzylbkp5cs/53800387-4193-44c9-1e93-515e12d2599c.flac?AWSAccessKeyId=AKIA45B7YWBX7MUJ7QCX&Expires=1764564865&Signature=3VSIAumiu1ZLV1%2FS4aS%2BIUbdZPE%3D,0.243087,3682
997604985,S4A06592_20180420_192900.flac,2018 SJWA-rose-2,2018,4,20,19,29,Agelaius tricolor,Alternative Song 2,35.2,35.6053,609,7406,12000,present,https://rfcx-streams-production.s3.eu-west-1.amazonaws.com/2018/04/20/gunzylbkp5cs/194e37b0-c33e-caa6-7e11-0aa4032d076e.flac?AWSAccessKeyId=AKIA45B7YWBX7MUJ7QCX&Expires=1764564865&Signature=0uKMhcj059wIFZGt%2B1vUEYPUgJo%3D,0.298985,3682
997604986,S4A06592_20180420_195000.flac,2018 SJWA-rose-2,2018,4,20,19,50,Agelaius tricolor,Alternative Song 2,11.4027,11.808,609,7406,12000,(not validated),https://rfcx-streams-production.s3.eu-west-1.amazonaws.com/2018/04/20/gunzylbkp5cs/5052a664-5e30-471e-5bbd-9d0761043ff2.flac?AWSAccessKeyId=AKIA45B7YWBX7MUJ7QCX&Expires=1764564865&Signature=8ul%2Bt0N%2FraMHFEoP394T0MyWz9o%3D,0.216533,3682
997604987,S4A06592_20180420_164100.flac,2018 SJWA-rose-2,2018,4,20,16,41,Agelaius tricolor,Alternative Song 2,37.3333,37.7387,609,7406,12000,(not validated),https://rfcx-streams-production.s3.eu-west-1.amazonaws.com/2018/04/20/gunzylbkp5cs/95f00122-2ef4-d5c1-47a5-cd4a3b92bfda.flac?AWSAccessKeyId=AKIA45B7YWBX7MUJ7QCX&Expires=1764564865&Signature=8GssnAD%2Bneg%2B0R3iUdv8fZbwNO8%3D,0.257194,3682
997604988,S4A06592_20180420_211400.flac,2018 SJWA-rose-2,2018,4,20,21,14,Agelaius tricolor,Alternative Song 2,4.94933,5.35467,609,7406,12000,(not validated),https://rfcx-streams-production.s3.eu-west-1.amazonaws.com/2018/04/20/gunzylbkp5cs/7f6e446c-d3ab-d6e7-c30b-79c6e7e6a8bd.flac?AWSAccessKeyId=AKIA45B7YWBX7MUJ7QCX&Expires=1764564865&Signature=985ZgdUI9zvtpLHtfMz1bHbSBnw%3D,0.251625,3682
997604989,S4A06592_20180420_225900.flac,2018 SJWA-rose-2,2018,4,20,22,59,Agelaius tricolor,Alternative Song 2,36.4693,36.8747,609,7406,12000,(not validated),https://rfcx-streams-production.s3.eu-west-1.amazonaws.com/2018/04/20/gunzylbkp5cs/6992d34f-3ee9-bb18-9855-98c7d6a91651.flac?AWSAccessKeyId=AKIA45B7YWBX7MUJ7QCX&Expires=1764564865&Signature=c2bygPB%2FlHgeVfn62%2F%2FuUI7e6XE%3D,0.208552,3682
997604990,S4A06592_20180420_232000.flac,2018 SJWA-rose-2,2018,4,20,23,20,Agelaius tricolor,Alternative Song 2,0.704,1.10933,609,7406,12000,(not validated),https://rfcx-streams-production.s3.eu-west-1.amazonaws.com/2018/04/20/gunzylbkp5cs/34c86201-be2e-ebde-9763-fff5972ab915.flac?AWSAccessKeyId=AKIA45B7YWBX7MUJ7QCX&Expires=1764564865&Signature=GErDM%2FGee3N4s5GhBJ9g6HPPLmo%3D,0.219713,3682
997604991,S4A06592_20180420_205300.flac,2018 SJWA-rose-2,2018,4,20,20,53,Agelaius tricolor,Alternative Song 2,45.984,46.3893,609,7406,12000,(not validated),https://rfcx-streams-production.s3.eu-west-1.amazonaws.com/2018/04/20/gunzylbkp5cs/67297718-10b3-4de6-45ea-c40ed7af4091.flac?AWSAccessKeyId=AKIA45B7YWBX7MUJ7QCX&Expires=1764564865&Signature=JEBJyUwXfFNDRl0f1zE1wJI19hU%3D,0.215407,3682
997604992,S4A06592_20180421_000200.flac,2018 SJWA-rose-2,2018,4,21,0,2,Agelaius tricolor,Alternative Song 2,36.2133,36.6187,609,7406,12000,(not validated),https://rfcx-streams-production.s3.eu-west-1.amazonaws.com/2018/04/20/gunzylbkp5cs/ab69ab02-e10e-02d9-4901-9ac5e0965f8c.flac?AWSAccessKeyId=AKIA45B7YWBX7MUJ7QCX&Expires=1764564865&Signature=VyUR%2FmmDvnzIqWBwZWwz0vmfq5k%3D,0.200156,3682
997604993,S4A06592_20180420_215600.flac,2018 SJWA-rose-2,2018,4,20,21,56,Agelaius tricolor,Alternative Song 2,37.184,37.5893,609,7406,12000,(not validated),https://rfcx-streams-production.s3.eu-west-1.amazonaws.com/2018/04/20/gunzylbkp5cs/fe00c54f-f7fd-8a65-3bae-388e60f75f05.flac?AWSAccessKeyId=AKIA45B7YWBX7MUJ7QCX&Expires=1764564865&Signature=WQ4gVOz%2FdnqhtdRbbRBSEo6PlFM%3D,0.265257,3682
997604994,S4A06592_20180421_004400.flac,2018 SJWA-rose-2,2018,4,21,0,44,Agelaius tricolor,Alternative Song 2,24.5333,24.9387,609,7406,12000,(not validated),https://rfcx-streams-production.s3.eu-west-1.amazonaws.com/2018/04/20/gunzylbkp5cs/17d1d2bb-adc2-bd62-ea02-94dbd235b057.flac?AWSAccessKeyId=AKIA45B7YWBX7MUJ7QCX&Expires=1764564865&Signature=jLQ54GJkbiIEI8%2B%2FoIRP%2FuNC%2BTI%3D,0.201766,3682
997604995,S4A06592_20180421_010500.flac,2018 SJWA-rose-2,2018,4,21,1,5,Agelaius tricolor,Alternative Song 2,59.3493,59.7547,609,7406,12000,(not validated),https://rfcx-streams-production.s3.eu-west-1.amazonaws.com/2018/04/20/gunzylbkp5cs/80ad9af5-3e68-079a-4ea5-0ec6167f7799.flac?AWSAccessKeyId=AKIA45B7YWBX7MUJ7QCX&Expires=1764564865&Signature=ofJxBXKyP6GX6YGdnpGkQ8SXmVU%3D,0.203063,3682
997604996,S4A06592_20180420_201100.flac,2018 SJWA-rose-2,2018,4,20,20,11,Agelaius tricolor,Alternative Song 2,18.432,18.8373,609,7406,12000,(not validated),https://rfcx-streams-production.s3.eu-west-1.amazonaws.com/2018/04/20/gunzylbkp5cs/2fd0a0b0-9c19-a14f-c281-6d3502601dee.flac?AWSAccessKeyId=AKIA45B7YWBX7MUJ7QCX&Expires=1764564865&Signature=PYhey7kOLtEyh2njf2mDRfSzsa0%3D,0.227419,3682
997604997,S4A06592_20180420_223800.flac,2018 SJWA-rose-2,2018,4,20,22,38,Agelaius tricolor,Alternative Song 2,5.152,5.55733,609,7406,12000,(not validated),https://rfcx-streams-production.s3.eu-west-1.amazonaws.com/2018/04/20/gunzylbkp5cs/1afe8051-dfd6-1f26-d5f4-8473338b8548.flac?AWSAccessKeyId=AKIA45B7YWBX7MUJ7QCX&Expires=1764564865&Signature=4dBFJY5X4S1fs8et8RRJ8udpB1o%3D,0.267989,3682
997604998,S4A06592_20180421_020800.flac,2018 SJWA-rose-2,2018,4,21,2,8,Agelaius tricolor,Alternative Song 2,8.50133,8.90667,609,7406,12000,(not validated),https://rfcx-streams-production.s3.eu-west-1.amazonaws.com/2018/04/20/gunzylbkp5cs/09bd4211-2320-e298-515f-098a184595b4.flac?AWSAccessKeyId=AKIA45B7YWBX7MUJ7QCX&Expires=1764564865&Signature=qQqyskSB%2BYBGv1eaYoXy7wv%2FQpM%3D,0.256432,3682
997604999,S4A06592_20180421_012600.flac,2018 SJWA-rose-2,2018,4,21,1,26,Agelaius tricolor,Alternative Song 2,51.9467,52.352,609,7406,12000,(not validated),https://rfcx-streams-production.s3.eu-west-1.amazonaws.com/2018/04/20/gunzylbkp5cs/5bf36057-cd92-2f70-1bde-77ab661f82ba.flac?AWSAccessKeyId=AKIA45B7YWBX7MUJ7QCX&Expires=1764564865&Signature=j0fJ3RFbqI1aGFr2%2FCir62N3E%2Fs%3D,0.301162,3682
997605000,S4A06592_20180421_022900.flac,2018 SJWA-rose-2,2018,4,21,2,29,Agelaius tricolor,Alternative Song 2,24.9067,25.312,609,7406,12000,(not validated),https://rfcx-streams-production.s3.eu-west-1.amazonaws.com/2018/04/20/gunzylbkp5cs/24a4eb19-b569-d7b1-8ad1-60ddfb6840e6.flac?AWSAccessKeyId=AKIA45B7YWBX7MUJ7QCX&Expires=1764564865&Signature=PoDvoeq1MkMzau79lLXdx1gwhxY%3D,0.232659,3682
997605001,S4A06592_20180421_045600.flac,2018 SJWA-rose-2,2018,4,21,4,56,Agelaius tricolor,Alternative Song 2,38.8587,39.264,609,7406,12000,(not validated),https://rfcx-streams-production.s3.eu-west-1.amazonaws.com/2018/04/20/gunzylbkp5cs/27a2b29d-854e-b0c0-be76-47adca57953d.flac?AWSAccessKeyId=AKIA45B7YWBX7MUJ7QCX&Expires=1764564865&Signature=gPMNudgdhWobzRHzSkUExbGP3JA%3D,0.305001,3682
997605002,S4A06592_20180421_051700.flac,2018 SJWA-rose-2,2018,4,21,5,17,Agelaius tricolor,Alternative Song 2,41.472,41.8773,609,7406,12000,(not validated),https://rfcx-streams-production.s3.eu-west-1.amazonaws.com/2018/04/20/gunzylbkp5cs/fd1665e2-c735-6b1b-038a-70bd33bde8b6.flac?AWSAccessKeyId=AKIA45B7YWBX7MUJ7QCX&Expires=1764564865&Signature=2qb6mqzFUJkI%2BMUBCEGUgYAQGzo%3D,0.229406,3682
997605003,S4A06592_20180421_053800.flac,2018 SJWA-rose-2,2018,4,21,5,38,Agelaius tricolor,Alternative Song 2,15.0187,15.424,609,7406,12000,(not validated),https://rfcx-streams-production.s3.eu-west-1.amazonaws.com/2018/04/20/gunzylbkp5cs/626b71fa-68d7-bd77-1d82-33573136ed0c.flac?AWSAccessKeyId=AKIA45B7YWBX7MUJ7QCX&Expires=1764564865&Signature=luoRiDKcUcQFlFVbCkNI5WmsJYs%3D,0.338309,3682
997605004,S4A06592_20180421_055900.flac,2018 SJWA-rose-2,2018,4,21,5,59,Agelaius tricolor,Alternative Song 2,15.264,15.6693,609,7406,12000,(not validated),https://rfcx-streams-production.s3.eu-west-1.amazonaws.com/2018/04/20/gunzylbkp5cs/9e75faa7-bd23-fa04-5ee5-afdd04360af1.flac?AWSAccessKeyId=AKIA45B7YWBX7MUJ7QCX&Expires=1764564865&Signature=H%2FkdN8HKKtrQxS73Pa9%2BlbQa3gw%3D,0.344477,3682
997605005,S4A06592_20180421_062000.flac,2018 SJWA-rose-2,2018,4,21,6,20,Agelaius tricolor,Alternative Song 2,21.632,22.0373,609,7406,12000,present,https://rfcx-streams-production.s3.eu-west-1.amazonaws.com/2018/04/20/gunzylbkp5cs/6c6c0568-bb2c-b0a1-09a9-cff0da76f389.flac?AWSAccessKeyId=AKIA45B7YWBX7MUJ7QCX&Expires=1764564865&Signature=6zCDSj1mN81seEqeZ8qKI32dkMw%3D,0.254231,3682
997605006,S4A06592_20180421_064100.flac,2018 SJWA-rose-2,2018,4,21,6,41,Agelaius tricolor,Alternative Song 2,12.2667,12.672,609,7406,12000,(not validated),https://rfcx-streams-production.s3.eu-west-1.amazonaws.com/2018/04/20/gunzylbkp5cs/bab38f11-2bf0-9a09-d676-edd0249f4710.flac?AWSAccessKeyId=AKIA45B7YWBX7MUJ7QCX&Expires=1764564865&Signature=E8Ie5gnR36mNa3UgDi%2FbIxo2ZRk%3D,0.236763,3682
997605007,S4A06592_20180421_072300.flac,2018 SJWA-rose-2,2018,4,21,7,23,Agelaius tricolor,Alternative Song 2,8.98133,9.38667,609,7406,12000,(not validated),https://rfcx-streams-production.s3.eu-west-1.amazonaws.com/2018/04/21/gunzylbkp5cs/cd2f01c0-b523-1b20-607f-7cd1a46e22cc.flac?AWSAccessKeyId=AKIA45B7YWBX7MUJ7QCX&Expires=1764564865&Signature=Uh%2BbjPm43pK67RaQhoV5Sr8a0jo%3D,0.31799,3682
997605008,S4A06592_20180421_080500.flac,2018 SJWA-rose-2,2018,4,21,8,5,Agelaius tricolor,Alternative Song 2,55.904,56.3093,609,7406,12000,present,https://rfcx-streams-production.s3.eu-west-1.amazonaws.com/2018/04/21/gunzylbkp5cs/29c4d8e0-e688-4776-3a28-668b31fc09c1.flac?AWSAccessKeyId=AKIA45B7YWBX7MUJ7QCX&Expires=1764564865&Signature=93i7dKhzluHiBBXAYtHDFy%2BQRgw%3D,0.382621,3682
997605009,S4A06592_20180421_074400.flac,2018 SJWA-rose-2,2018,4,21,7,44,Agelaius tricolor,Alternative Song 2,58.1653,58.5707,609,7406,12000,(not validated),https://rfcx-streams-production.s3.eu-west-1.amazonaws.com/2018/04/21/gunzylbkp5cs/c7e2d5a1-ceda-209a-fcc4-25b1226aeb7a.flac?AWSAccessKeyId=AKIA45B7YWBX7MUJ7QCX&Expires=1764564865&Signature=7ptpZaDtLMfzSd6n4uiJK94BjWs%3D,0.331095,3682
997605010,S4A06592_20180421_070200.flac,2018 SJWA-rose-2,2018,4,21,7,2,Agelaius tricolor,Alternative Song 2,13.8133,14.2187,609,7406,12000,(not validated),https://rfcx-streams-production.s3.eu-west-1.amazonaws.com/2018/04/21/gunzylbkp5cs/77e3c695-ba18-5753-8df6-90a89184c0ad.flac?AWSAccessKeyId=AKIA45B7YWBX7MUJ7QCX&Expires=1764564865&Signature=cDdRVwhvpMH7GVkI0EVqTuNNq4o%3D,0.217484,3682
997605011,S4A06592_20180421_084700.flac,2018 SJWA-rose-2,2018,4,21,8,47,Agelaius tricolor,Alternative Song 2,27.968,28.3733,609,7406,12000,(not validated),https://rfcx-streams-production.s3.eu-west-1.amazonaws.com/2018/04/21/gunzylbkp5cs/b5568347-1e3c-d735-3c77-1b9d486ad776.flac?AWSAccessKeyId=AKIA45B7YWBX7MUJ7QCX&Expires=1764564865&Signature=fnleW43gG7dofBD9OQX9vaR8QKg%3D,0.316919,3682
997605012,S4A06592_20180421_092900.flac,2018 SJWA-rose-2,2018,4,21,9,29,Agelaius tricolor,Alternative Song 2,29.2907,29.696,609,7406,12000,(not validated),https://rfcx-streams-production.s3.eu-west-1.amazonaws.com/2018/04/21/gunzylbkp5cs/7935385e-b017-8340-62c1-e9574962faf7.flac?AWSAccessKeyId=AKIA45B7YWBX7MUJ7QCX&Expires=1764564865&Signature=ejJrF1qN95X1S%2Fd8RISeTOcA2os%3D,0.301493,3682
997605013,S4A06592_20180421_095000.flac,2018 SJWA-rose-2,2018,4,21,9,50,Agelaius tricolor,Alternative Song 2,32.256,32.6613,609,7406,12000,(not validated),https://rfcx-streams-production.s3.eu-west-1.amazonaws.com/2018/04/21/gunzylbkp5cs/6fdbd4e8-37cf-6735-aeb1-3b375ad38bd9.flac?AWSAccessKeyId=AKIA45B7YWBX7MUJ7QCX&Expires=1764564865&Signature=DoPcxQc7mRqAi6ExeMdPjwszOuE%3D,0.240867,3682
997605014,S4A06592_20180421_103200.flac,2018 SJWA-rose-2,2018,4,21,10,32,Agelaius tricolor,Alternative Song 2,57.6213,58.0267,609,7406,12000,(not validated),https://rfcx-streams-production.s3.eu-west-1.amazonaws.com/2018/04/21/gunzylbkp5cs/a6a73801-79e2-492d-5a17-b9eedd4aa4f5.flac?AWSAccessKeyId=AKIA45B7YWBX7MUJ7QCX&Expires=1764564865&Signature=uTQdpXxO0eZ3sjh4Ki61grLisgg%3D,0.346628,3682
997605015,S4A06592_20180421_090800.flac,2018 SJWA-rose-2,2018,4,21,9,8,Agelaius tricolor,Alternative Song 2,20.1387,20.544,609,7406,12000,present,https://rfcx-streams-production.s3.eu-west-1.amazonaws.com/2018/04/21/gunzylbkp5cs/6a4ab49b-99d6-ee17-7f52-aae0e5716470.flac?AWSAccessKeyId=AKIA45B7YWBX7MUJ7QCX&Expires=1764564865&Signature=WgFi%2FkEMpU887tuyMhHmxBu4ZgU%3D,0.219174,3682
997605016,S4A06592_20180421_105300.flac,2018 SJWA-rose-2,2018,4,21,10,53,Agelaius tricolor,Alternative Song 2,57.0133,57.4187,609,7406,12000,(not validated),https://rfcx-streams-production.s3.eu-west-1.amazonaws.com/2018/04/21/gunzylbkp5cs/865c463d-43e2-c745-3d39-ac4414e37256.flac?AWSAccessKeyId=AKIA45B7YWBX7MUJ7QCX&Expires=1764564865&Signature=xR1V7g7btQSjMb80N0fDP827j9s%3D,0.295315,3682
997605017,S4A06592_20180421_101100.flac,2018 SJWA-rose-2,2018,4,21,10,11,Agelaius tricolor,Alternative Song 2,56.3733,56.7787,609,7406,12000,present,https://rfcx-streams-production.s3.eu-west-1.amazonaws.com/2018/04/21/gunzylbkp5cs/3bc5f6d4-7598-c138-c689-f485d06044c7.flac?AWSAccessKeyId=AKIA45B7YWBX7MUJ7QCX&Expires=1764564865&Signature=UXpeV2hqrVAnJjJuTi64YaIDAF0%3D,0.298752,3682
997605018,S4A06592_20180421_082600.flac,2018 SJWA-rose-2,2018,4,21,8,26,Agelaius tricolor,Alternative Song 2,19.4027,19.808,609,7406,12000,(not validated),https://rfcx-streams-production.s3.eu-west-1.amazonaws.com/2018/04/21/gunzylbkp5cs/5ddb358a-6f46-0f9c-d6a3-46da40d714fa.flac?AWSAccessKeyId=AKIA45B7YWBX7MUJ7QCX&Expires=1764564865&Signature=3qoWoDWp7a6OHfkJkz8UZ1GYPLc%3D,0.377674,3682
997605019,S4A06592_20180421_123800.flac,2018 SJWA-rose-2,2018,4,21,12,38,Agelaius tricolor,Alternative Song 2,29.4293,29.8347,609,7406,12000,present,https://rfcx-streams-production.s3.eu-west-1.amazonaws.com/2018/04/21/gunzylbkp5cs/b551149b-7c5b-637d-116e-641b94569c8f.flac?AWSAccessKeyId=AKIA45B7YWBX7MUJ7QCX&Expires=1764564865&Signature=kNAZJ%2Fd7gN%2F%2Fj8UxQsLvoFMg8bk%3D,0.352046,3682
997605020,S4A06592_20180421_111400.flac,2018 SJWA-rose-2,2018,4,21,11,14,Agelaius tricolor,Alternative Song 2,8.49067,8.896,609,7406,12000,(not validated),https://rfcx-streams-production.s3.eu-west-1.amazonaws.com/2018/04/21/gunzylbkp5cs/cb4c3c21-aeb8-3db5-2bed-7ee8196cc0ad.flac?AWSAccessKeyId=AKIA45B7YWBX7MUJ7QCX&Expires=1764564865&Signature=mO8fiVXDgyxdI4mqFHJb6qEJR5g%3D,0.24671,3682
997605021,S4A06592_20180421_134100.flac,2018 SJWA-rose-2,2018,4,21,13,41,Agelaius tricolor,Alternative Song 2,51.9787,52.384,609,7406,12000,(not validated),https://rfcx-streams-production.s3.eu-west-1.amazonaws.com/2018/04/21/gunzylbkp5cs/e9e4c3e5-c636-7990-3f45-9efd7915a56c.flac?AWSAccessKeyId=AKIA45B7YWBX7MUJ7QCX&Expires=1764564865&Signature=9Wn3DmPYVXafDnUl0knZco6ktsw%3D,0.227604,3682
997605022,S4A06592_20180421_125900.flac,2018 SJWA-rose-2,2018,4,21,12,59,Agelaius tricolor,Alternative Song 2,1.856,2.26133,609,7406,12000,(not validated),https://rfcx-streams-production.s3.eu-west-1.amazonaws.com/2018/04/21/gunzylbkp5cs/d9213abe-40b8-049f-2d1e-6b06bd0bb276.flac?AWSAccessKeyId=AKIA45B7YWBX7MUJ7QCX&Expires=1764564865&Signature=8hJ3PUnDIRgPNbosBzQwETGqEL8%3D,0.247031,3682
997605023,S4A06592_20180421_132000.flac,2018 SJWA-rose-2,2018,4,21,13,20,Agelaius tricolor,Alternative Song 2,2.144,2.54933,609,7406,12000,(not validated),https://rfcx-streams-production.s3.eu-west-1.amazonaws.com/2018/04/21/gunzylbkp5cs/6b2f8e82-e25e-8a9b-d286-6b26fb2e5a7e.flac?AWSAccessKeyId=AKIA45B7YWBX7MUJ7QCX&Expires=1764564865&Signature=e9%2FnRcpqStETrjLNyVxo96Xdxws%3D,0.299313,3682
997605024,S4A06592_20180421_140200.flac,2018 SJWA-rose-2,2018,4,21,14,2,Agelaius tricolor,Alternative Song 2,28.0427,28.448,609,7406,12000,(not validated),https://rfcx-streams-production.s3.eu-west-1.amazonaws.com/2018/04/21/gunzylbkp5cs/d85a785e-c650-d9f0-7ae8-fd4bd16bfa54.flac?AWSAccessKeyId=AKIA45B7YWBX7MUJ7QCX&Expires=1764564865&Signature=JATpOn983dWBKsfJ2KOIKZQHp%2FQ%3D,0.214339,3682
997605025,S4A06592_20180421_121700.flac,2018 SJWA-rose-2,2018,4,21,12,17,Agelaius tricolor,Alternative Song 2,25.888,26.2933,609,7406,12000,(not validated),https://rfcx-streams-production.s3.eu-west-1.amazonaws.com/2018/04/21/gunzylbkp5cs/1a68ec22-5f40-0882-6e74-d462a3ca8a09.flac?AWSAccessKeyId=AKIA45B7YWBX7MUJ7QCX&Expires=1764564865&Signature=q%2FpJ6fk6ttq%2By68YGn%2FOshtizMo%3D,0.277498,3682
997605026,S4A06592_20180421_113500.flac,2018 SJWA-rose-2,2018,4,21,11,35,Agelaius tricolor,Alternative Song 2,22.8587,23.264,609,7406,12000,(not validated),https://rfcx-streams-production.s3.eu-west-1.amazonaws.com/2018/04/21/gunzylbkp5cs/55118a1f-b601-ad83-23f2-072eafe1f0b7.flac?AWSAccessKeyId=AKIA45B7YWBX7MUJ7QCX&Expires=1764564865&Signature=t4d03X158%2FR1TCe1S1COLIq%2F8yw%3D,0.221342,3682
997605027,S4A06592_20180421_142300.flac,2018 SJWA-rose-2,2018,4,21,14,23,Agelaius tricolor,Alternative Song 2,12.2027,12.608,609,7406,12000,(not validated),https://rfcx-streams-production.s3.eu-west-1.amazonaws.com/2018/04/21/gunzylbkp5cs/d319ffc6-9c9a-653f-ce95-b79a128aec40.flac?AWSAccessKeyId=AKIA45B7YWBX7MUJ7QCX&Expires=1764564865&Signature=EQhVTlNtJZhErrJNPlDURShEswI%3D,0.273318,3682
997605028,S4A06592_20180421_150500.flac,2018 SJWA-rose-2,2018,4,21,15,5,Agelaius tricolor,Alternative Song 2,52.8747,53.28,609,7406,12000,(not validated),https://rfcx-streams-production.s3.eu-west-1.amazonaws.com/2018/04/21/gunzylbkp5cs/0e928be1-e18b-3e3b-cd32-5f5d23aa036d.flac?AWSAccessKeyId=AKIA45B7YWBX7MUJ7QCX&Expires=1764564865&Signature=9qic8V%2FmZebilNJmSN7qdFcJedw%3D,0.355068,3682
997605029,S4A06592_20180421_152600.flac,2018 SJWA-rose-2,2018,4,21,15,26,Agelaius tricolor,Alternative Song 2,0.416,0.821333,609,7406,12000,(not validated),https://rfcx-streams-production.s3.eu-west-1.amazonaws.com/2018/04/21/gunzylbkp5cs/7b88f6af-ac9b-3d52-27b0-035bb8c4fe19.flac?AWSAccessKeyId=AKIA45B7YWBX7MUJ7QCX&Expires=1764564865&Signature=X7z8nxBaF4OLbHJ%2BGtKOTJC2xz8%3D,0.206678,3682
997605030,S4A06592_20180421_195000.flac,2018 SJWA-rose-2,2018,4,21,19,50,Agelaius tricolor,Alternative Song 2,53.344,53.7493,609,7406,12000,(not validated),https://rfcx-streams-production.s3.eu-west-1.amazonaws.com/2018/04/21/gunzylbkp5cs/d180b0a4-4c21-223a-fe4a-90127b1aa169.flac?AWSAccessKeyId=AKIA45B7YWBX7MUJ7QCX&Expires=1764564865&Signature=WayvbNSb7j%2Fi6KkLa5b%2BB5H1N%2Bs%3D,0.205776,3682
997605031,S4A06592_20180421_192900.flac,2018 SJWA-rose-2,2018,4,21,19,29,Agelaius tricolor,Alternative Song 2,40.8533,41.2587,609,7406,12000,(not validated),https://rfcx-streams-production.s3.eu-west-1.amazonaws.com/2018/04/21/gunzylbkp5cs/fbce88f0-24b6-23cb-ae25-c226b5f72fa8.flac?AWSAccessKeyId=AKIA45B7YWBX7MUJ7QCX&Expires=1764564865&Signature=MK0kLrQk9aJ4ntW1C6lbjZlQE8w%3D,0.273376,3682
997605032,S4A06592_20180421_223800.flac,2018 SJWA-rose-2,2018,4,21,22,38,Agelaius tricolor,Alternative Song 2,0.522667,0.928,609,7406,12000,(not validated),https://rfcx-streams-production.s3.eu-west-1.amazonaws.com/2018/04/21/gunzylbkp5cs/ac9cd904-f0a3-876b-8bb4-56efefe4e925.flac?AWSAccessKeyId=AKIA45B7YWBX7MUJ7QCX&Expires=1764564865&Signature=cUqxZgA%2F4yIjmJWP2mdsUoLsbGI%3D,0.312753,3682
997605033,S4A06592_20180422_002300.flac,2018 SJWA-rose-2,2018,4,22,0,23,Agelaius tricolor,Alternative Song 2,58.5067,58.912,609,7406,12000,(not validated),https://rfcx-streams-production.s3.eu-west-1.amazonaws.com/2018/04/21/gunzylbkp5cs/bffe9f8c-886a-4676-78bb-b1bfde15e043.flac?AWSAccessKeyId=AKIA45B7YWBX7MUJ7QCX&Expires=1764564865&Signature=%2FzGddBZ6gAm9ZaMhR4v9D%2BSMyoo%3D,0.252464,3682
997605034,S4A06592_20180422_010500.flac,2018 SJWA-rose-2,2018,4,22,1,5,Agelaius tricolor,Alternative Song 2,52.96,53.3653,609,7406,12000,(not validated),https://rfcx-streams-production.s3.eu-west-1.amazonaws.com/2018/04/21/gunzylbkp5cs/30692b10-0d23-e739-6277-42896b2d1c5b.flac?AWSAccessKeyId=AKIA45B7YWBX7MUJ7QCX&Expires=1764564865&Signature=tfNkyNlazkvB1dNbljL7dAhk5zI%3D,0.226336,3682
997605035,S4A06592_20180422_014700.flac,2018 SJWA-rose-2,2018,4,22,1,47,Agelaius tricolor,Alternative Song 2,42.9333,43.3387,609,7406,12000,(not validated),https://rfcx-streams-production.s3.eu-west-1.amazonaws.com/2018/04/21/gunzylbkp5cs/9288e1c8-b218-889a-5237-4c9395ddf824.flac?AWSAccessKeyId=AKIA45B7YWBX7MUJ7QCX&Expires=1764564865&Signature=Er09YnskBqUig6w7aVQHjE%2FLlmo%3D,0.302777,3682
997605036,S4A06592_20180422_031100.flac,2018 SJWA-rose-2,2018,4,22,3,11,Agelaius tricolor,Alternative Song 2,21.76,22.1653,609,7406,12000,(not validated),https://rfcx-streams-production.s3.eu-west-1.amazonaws.com/2018/04/21/gunzylbkp5cs/045debc5-0383-f597-92d1-9ce94449b55e.flac?AWSAccessKeyId=AKIA45B7YWBX7MUJ7QCX&Expires=1764564865&Signature=IR0vKY9AV%2FKfECApBnkalM2cVhE%3D,0.34684,3682
997605037,S4A06592_20180422_020800.flac,2018 SJWA-rose-2,2018,4,22,2,8,Agelaius tricolor,Alternative Song 2,49.2267,49.632,609,7406,12000,(not validated),https://rfcx-streams-production.s3.eu-west-1.amazonaws.com/2018/04/21/gunzylbkp5cs/53609136-ff58-34e5-5c05-94be96c8daa4.flac?AWSAccessKeyId=AKIA45B7YWBX7MUJ7QCX&Expires=1764564865&Signature=P0S%2Fbq5U%2BVitdiZEBpB6p6g%2BEn0%3D,0.246583,3682
997605038,S4A06592_20180422_025000.flac,2018 SJWA-rose-2,2018,4,22,2,50,Agelaius tricolor,Alternative Song 2,18.912,19.3173,609,7406,12000,(not validated),https://rfcx-streams-production.s3.eu-west-1.amazonaws.com/2018/04/21/gunzylbkp5cs/42cc1de1-19e9-70db-b1b5-18d6084b02c4.flac?AWSAccessKeyId=AKIA45B7YWBX7MUJ7QCX&Expires=1764564865&Signature=cBq7hE3r0%2BPojDVcIERyh50t3dY%3D,0.28262,3682
997605039,S4A06592_20180422_051700.flac,2018 SJWA-rose-2,2018,4,22,5,17,Agelaius tricolor,Alternative Song 2,36.7893,37.1947,609,7406,12000,(not validated),https://rfcx-streams-production.s3.eu-west-1.amazonaws.com/2018/04/21/gunzylbkp5cs/266f8201-dbcc-d53f-afc4-5bd12ba16756.flac?AWSAccessKeyId=AKIA45B7YWBX7MUJ7QCX&Expires=1764564865&Signature=ZRuX7JHbpP1rlXMnNud1m8mO4dA%3D,0.210697,3682
997605040,S4A06592_20180422_053800.flac,2018 SJWA-rose-2,2018,4,22,5,38,Agelaius tricolor,Alternative Song 2,39.712,40.1173,609,7406,12000,(not validated),https://rfcx-streams-production.s3.eu-west-1.amazonaws.com/2018/04/21/gunzylbkp5cs/dd014e9f-04b3-5bdc-34b9-e03d2df6650d.flac?AWSAccessKeyId=AKIA45B7YWBX7MUJ7QCX&Expires=1764564865&Signature=OSQiPgkK0HkMp5q51Q%2F%2FC%2FSwYLc%3D,0.289573,3682
997605041,S4A06592_20180422_055900.flac,2018 SJWA-rose-2,2018,4,22,5,59,Agelaius tricolor,Alternative Song 2,56.6933,57.0987,609,7406,12000,(not validated),https://rfcx-streams-production.s3.eu-west-1.amazonaws.com/2018/04/21/gunzylbkp5cs/8e68e093-e41d-651b-8b01-859b829995df.flac?AWSAccessKeyId=AKIA45B7YWBX7MUJ7QCX&Expires=1764564865&Signature=ZsM7BuWwdh%2BIjO8PTX1OdmOTX3o%3D,0.308649,3682
997605042,S4A06592_20180422_062000.flac,2018 SJWA-rose-2,2018,4,22,6,20,Agelaius tricolor,Alternative Song 2,45.5787,45.984,609,7406,12000,present,https://rfcx-streams-production.s3.eu-west-1.amazonaws.com/2018/04/21/gunzylbkp5cs/cd436109-6a20-b50c-933b-c5c135258635.flac?AWSAccessKeyId=AKIA45B7YWBX7MUJ7QCX&Expires=1764564865&Signature=vItSpwyMnJ6YZMBAGSfR%2B39BMJQ%3D,0.360278,3682
997605043,S4A06592_20180422_070200.flac,2018 SJWA-rose-2,2018,4,22,7,2,Agelaius tricolor,Alternative Song 2,54.4533,54.8587,609,7406,12000,(not validated),https://rfcx-streams-production.s3.eu-west-1.amazonaws.com/2018/04/22/gunzylbkp5cs/6cd0cd4d-3dbb-279a-55e5-06d22c5401d7.flac?AWSAccessKeyId=AKIA45B7YWBX7MUJ7QCX&Expires=1764564865&Signature=db6fM%2FFQnYQQZg7cwrboxWyISEU%3D,0.327423,3682
997605044,S4A06592_20180422_074400.flac,2018 SJWA-rose-2,2018,4,22,7,44,Agelaius tricolor,Alternative Song 2,6.06933,6.47467,609,7406,12000,(not validated),https://rfcx-streams-production.s3.eu-west-1.amazonaws.com/2018/04/22/gunzylbkp5cs/68781149-e02e-8295-f5a5-07947844386c.flac?AWSAccessKeyId=AKIA45B7YWBX7MUJ7QCX&Expires=1764564865&Signature=km%2FBnX6ExT1fePaCFPyxWHXBiL4%3D,0.313378,3682
997605045,S4A06592_20180422_072300.flac,2018 SJWA-rose-2,2018,4,22,7,23,Agelaius tricolor,Alternative Song 2,27.072,27.4773,609,7406,12000,(not validated),https://rfcx-streams-production.s3.eu-west-1.amazonaws.com/2018/04/22/gunzylbkp5cs/96c0c39e-db08-14ea-a071-bd4ea04d4c1d.flac?AWSAccessKeyId=AKIA45B7YWBX7MUJ7QCX&Expires=1764564865&Signature=O4M2vr4ODbeG4dY0Ejro5xv1oO8%3D,0.222539,3682
997605046,S4A06592_20180422_080500.flac,2018 SJWA-rose-2,2018,4,22,8,5,Agelaius tricolor,Alternative Song 2,48.8747,49.28,609,7406,12000,(not validated),https://rfcx-streams-production.s3.eu-west-1.amazonaws.com/2018/04/22/gunzylbkp5cs/1ebc53b7-e48f-9b1f-f1c3-b6db390b7277.flac?AWSAccessKeyId=AKIA45B7YWBX7MUJ7QCX&Expires=1764564865&Signature=A%2FE1WT3n%2F8DtqHdzSD6mKzJTH9M%3D,0.252423,3682
997605047,S4A06592_20180422_064100.flac,2018 SJWA-rose-2,2018,4,22,6,41,Agelaius tricolor,Alternative Song 2,45.9627,46.368,609,7406,12000,(not validated),https://rfcx-streams-production.s3.eu-west-1.amazonaws.com/2018/04/21/gunzylbkp5cs/f11582e5-1cb8-5e6f-ddae-91c1622cc9bc.flac?AWSAccessKeyId=AKIA45B7YWBX7MUJ7QCX&Expires=1764564865&Signature=P0i1coyIK3v1FZim1OfFoEFm2qc%3D,0.258231,3682
997605048,S4A06592_20180422_082600.flac,2018 SJWA-rose-2,2018,4,22,8,26,Agelaius tricolor,Alternative Song 2,27.968,28.3733,609,7406,12000,(not validated),https://rfcx-streams-production.s3.eu-west-1.amazonaws.com/2018/04/22/gunzylbkp5cs/dd88bbd0-3d62-b46b-b7a5-bfb4a937c32d.flac?AWSAccessKeyId=AKIA45B7YWBX7MUJ7QCX&Expires=1764564865&Signature=VBstUIHA077aj%2BSR0CiZorDCLUM%3D,0.329526,3682
997605049,S4A06592_20180424_000200.flac,2018 SJWA-rose-2,2018,4,24,0,2,Agelaius tricolor,Alternative Song 2,40.3947,40.8,609,7406,12000,(not validated),https://rfcx-streams-production.s3.eu-west-1.amazonaws.com/2018/04/23/gunzylbkp5cs/16293c5c-b751-c2ce-3d50-d7fddfafd52f.flac?AWSAccessKeyId=AKIA45B7YWBX7MUJ7QCX&Expires=1764564865&Signature=OiTUU58vtVyiNhnN0gzc06bLOn0%3D,0.230777,3682
997605050,S4A06592_20180424_012600.flac,2018 SJWA-rose-2,2018,4,24,1,26,Agelaius tricolor,Alternative Song 2,44.1813,44.5867,609,7406,12000,(not validated),https://rfcx-streams-production.s3.eu-west-1.amazonaws.com/2018/04/23/gunzylbkp5cs/1576d68a-dbd7-db2e-4da9-6dc06ca7fd50.flac?AWSAccessKeyId=AKIA45B7YWBX7MUJ7QCX&Expires=1764564865&Signature=luAQFG%2F3%2BiWu8bO6jx7QqVFTWO0%3D,0.22783,3682
997605051,S4A06592_20180424_025000.flac,2018 SJWA-rose-2,2018,4,24,2,50,Agelaius tricolor,Alternative Song 2,27.424,27.8293,609,7406,12000,(not validated),https://rfcx-streams-production.s3.eu-west-1.amazonaws.com/2018/04/23/gunzylbkp5cs/fca98e1a-4656-72ab-e05f-1fc34fea8140.flac?AWSAccessKeyId=AKIA45B7YWBX7MUJ7QCX&Expires=1764564865&Signature=wIf2Ioj8FO1H3QZabG9Ht29E1qc%3D,0.235619,3682
997605052,S4A06592_20180424_051700.flac,2018 SJWA-rose-2,2018,4,24,5,17,Agelaius tricolor,Alternative Song 2,42.0053,42.4107,609,7406,12000,(not validated),https://rfcx-streams-production.s3.eu-west-1.amazonaws.com/2018/04/23/gunzylbkp5cs/dccd0bc1-a667-a361-8b4f-f6bdf49737d8.flac?AWSAccessKeyId=AKIA45B7YWBX7MUJ7QCX&Expires=1764564865&Signature=fPkrjr%2FcXbXLGU%2BU3KFP2JpBP9o%3D,0.313806,3682
997605053,S4A06592_20180424_053800.flac,2018 SJWA-rose-2,2018,4,24,5,38,Agelaius tricolor,Alternative Song 2,27.7227,28.128,609,7406,12000,(not validated),https://rfcx-streams-production.s3.eu-west-1.amazonaws.com/2018/04/23/gunzylbkp5cs/cd4a8dd2-5372-e7f5-c9a0-895bd79bbf78.flac?AWSAccessKeyId=AKIA45B7YWBX7MUJ7QCX&Expires=1764564865&Signature=CksqlUwaqzYgtGkXcXAjtMiHc7M%3D,0.210458,3682
997605054,S4A06592_20180424_055900.flac,2018 SJWA-rose-2,2018,4,24,5,59,Agelaius tricolor,Alternative Song 2,6.88,7.28533,609,7406,12000,(not validated),https://rfcx-streams-production.s3.eu-west-1.amazonaws.com/2018/04/23/gunzylbkp5cs/cede1d41-f010-6a41-42e4-220b115fbb25.flac?AWSAccessKeyId=AKIA45B7YWBX7MUJ7QCX&Expires=1764564865&Signature=aRMV9Z8KmhknGS3rRJtDNHxr4JQ%3D,0.288434,3682
997605055,S4A06592_20180424_064100.flac,2018 SJWA-rose-2,2018,4,24,6,41,Agelaius tricolor,Alternative Song 2,13.4187,13.824,609,7406,12000,(not validated),https://rfcx-streams-production.s3.eu-west-1.amazonaws.com/2018/04/23/gunzylbkp5cs/c039806b-51d4-175d-6875-df61f699dbad.flac?AWSAccessKeyId=AKIA45B7YWBX7MUJ7QCX&Expires=1764564865&Signature=jFNpcsjOhGT%2FOmWLn9PaepVAvyQ%3D,0.239847,3682
997605056,S4A06592_20180424_041400.flac,2018 SJWA-rose-2,2018,4,24,4,14,Agelaius tricolor,Alternative Song 2,37.728,38.1333,609,7406,12000,(not validated),https://rfcx-streams-production.s3.eu-west-1.amazonaws.com/2018/04/23/gunzylbkp5cs/6e5397a3-c4b0-b74b-52ea-a528c4fce38a.flac?AWSAccessKeyId=AKIA45B7YWBX7MUJ7QCX&Expires=1764564865&Signature=KBDAsHq%2Fh%2F7gVWplOrfgQAskcoM%3D,0.231099,3682
997605057,S4A06592_20180424_072300.flac,2018 SJWA-rose-2,2018,4,24,7,23,Agelaius tricolor,Alternative Song 2,42.208,42.6133,609,7406,12000,(not validated),https://rfcx-streams-production.s3.eu-west-1.amazonaws.com/2018/04/24/gunzylbkp5cs/19c6abd5-4334-d48d-8ffa-b40e3bc6841c.flac?AWSAccessKeyId=AKIA45B7YWBX7MUJ7QCX&Expires=1764564865&Signature=6iONhhPBEYCrWTUayjL6I2CTfr8%3D,0.319848,3682
997605058,S4A06592_20180424_070200.flac,2018 SJWA-rose-2,2018,4,24,7,2,Agelaius tricolor,Alternative Song 2,10.7733,11.1787,609,7406,12000,(not validated),https://rfcx-streams-production.s3.eu-west-1.amazonaws.com/2018/04/24/gunzylbkp5cs/12bdc009-3406-6c65-28df-f85af33daa0b.flac?AWSAccessKeyId=AKIA45B7YWBX7MUJ7QCX&Expires=1764564865&Signature=8Uuoj0UlB0Gx5F%2BtZQoDCORBbc4%3D,0.239096,3682
997605059,S4A06592_20180424_062000.flac,2018 SJWA-rose-2,2018,4,24,6,20,Agelaius tricolor,Alternative Song 2,43.8933,44.2987,609,7406,12000,(not validated),https://rfcx-streams-production.s3.eu-west-1.amazonaws.com/2018/04/23/gunzylbkp5cs/a4b5237a-a2ba-ce98-5197-772816d723e2.flac?AWSAccessKeyId=AKIA45B7YWBX7MUJ7QCX&Expires=1764564865&Signature=NF9GXiVwXuCLFv%2BP6RBtYxMCd%2BA%3D,0.244477,3682
997605060,S4A06592_20180424_074400.flac,2018 SJWA-rose-2,2018,4,24,7,44,Agelaius tricolor,Alternative Song 2,39.8827,40.288,609,7406,12000,(not validated),https://rfcx-streams-production.s3.eu-west-1.amazonaws.com/2018/04/24/gunzylbkp5cs/ab269488-3bb5-289f-017c-70393e0d639f.flac?AWSAccessKeyId=AKIA45B7YWBX7MUJ7QCX&Expires=1764564865&Signature=FE5oAg6N%2ByERFLuCsZnQzJVczRk%3D,0.271961,3682
997605061,S4A06592_20180424_080500.flac,2018 SJWA-rose-2,2018,4,24,8,5,Agelaius tricolor,Alternative Song 2,58.2293,58.6347,609,7406,12000,(not validated),https://rfcx-streams-production.s3.eu-west-1.amazonaws.com/2018/04/24/gunzylbkp5cs/2cad46d3-a0eb-4cad-45ab-98afbc1422fa.flac?AWSAccessKeyId=AKIA45B7YWBX7MUJ7QCX&Expires=1764564865&Signature=hLeEq1nmT6iiPfRJykEpMw6FZx0%3D,0.201704,3682
997605062,S4A06592_20180424_082600.flac,2018 SJWA-rose-2,2018,4,24,8,26,Agelaius tricolor,Alternative Song 2,30.368,30.7733,609,7406,12000,(not validated),https://rfcx-streams-production.s3.eu-west-1.amazonaws.com/2018/04/24/gunzylbkp5cs/27c3ea39-9968-98e8-32ab-3f3b940acb48.flac?AWSAccessKeyId=AKIA45B7YWBX7MUJ7QCX&Expires=1764564865&Signature=lNW2yU8hxHMyiLAnVp9D0VFmHP8%3D,0.27472,3682
997605063,S4A06592_20180424_092900.flac,2018 SJWA-rose-2,2018,4,24,9,29,Agelaius tricolor,Alternative Song 2,24.8427,25.248,609,7406,12000,(not validated),https://rfcx-streams-production.s3.eu-west-1.amazonaws.com/2018/04/24/gunzylbkp5cs/76473a49-b58a-0ac1-0145-99b4a14eaaee.flac?AWSAccessKeyId=AKIA45B7YWBX7MUJ7QCX&Expires=1764564865&Signature=4OoXJ17BPC3zPwqi0%2FNkDZjKvQA%3D,0.251805,3682
997605064,S4A06592_20180424_084700.flac,2018 SJWA-rose-2,2018,4,24,8,47,Agelaius tricolor,Alternative Song 2,10.6347,11.04,609,7406,12000,(not validated),https://rfcx-streams-production.s3.eu-west-1.amazonaws.com/2018/04/24/gunzylbkp5cs/7296b93c-02d6-c428-6791-0f5400bbe09d.flac?AWSAccessKeyId=AKIA45B7YWBX7MUJ7QCX&Expires=1764564865&Signature=iqcnEiYBt6OvLVk9HyZEBjl1XUg%3D,0.24785,3682
997605065,S4A06592_20180424_101100.flac,2018 SJWA-rose-2,2018,4,24,10,11,Agelaius tricolor,Alternative Song 2,57.4187,57.824,609,7406,12000,(not validated),https://rfcx-streams-production.s3.eu-west-1.amazonaws.com/2018/04/24/gunzylbkp5cs/f4a0e6ed-5c28-456f-9f13-f4da5089a184.flac?AWSAccessKeyId=AKIA45B7YWBX7MUJ7QCX&Expires=1764564865&Signature=BDazKysnXWmCWZuAj4Ls9%2FRj2Bs%3D,0.241789,3682
997605066,S4A06592_20180424_090800.flac,2018 SJWA-rose-2,2018,4,24,9,8,Agelaius tricolor,Alternative Song 2,29.0347,29.44,609,7406,12000,(not validated),https://rfcx-streams-production.s3.eu-west-1.amazonaws.com/2018/04/24/gunzylbkp5cs/d8b8a9f1-ceb2-daa8-7b53-80e709f0aec4.flac?AWSAccessKeyId=AKIA45B7YWBX7MUJ7QCX&Expires=1764564865&Signature=EtbhVQ1S8TkyvjNPhs%2BDdJU%2FnCs%3D,0.367644,3682
997605067,S4A06592_20180424_105300.flac,2018 SJWA-rose-2,2018,4,24,10,53,Agelaius tricolor,Alternative Song 2,24.4373,24.8427,609,7406,12000,(not validated),https://rfcx-streams-production.s3.eu-west-1.amazonaws.com/2018/04/24/gunzylbkp5cs/a4eaae28-0735-caf5-3265-f2ed4e91c044.flac?AWSAccessKeyId=AKIA45B7YWBX7MUJ7QCX&Expires=1764564865&Signature=qBc2%2F3V4Ze9I05lX0%2FKrlJtNh%2FY%3D,0.220648,3682
997605068,S4A06592_20180424_113500.flac,2018 SJWA-rose-2,2018,4,24,11,35,Agelaius tricolor,Alternative Song 2,33.0027,33.408,609,7406,12000,(not validated),https://rfcx-streams-production.s3.eu-west-1.amazonaws.com/2018/04/24/gunzylbkp5cs/7d2c7a24-180d-3142-0aa5-2452e57f5f86.flac?AWSAccessKeyId=AKIA45B7YWBX7MUJ7QCX&Expires=1764564865&Signature=A7tWZpVyrcQ2qG89%2Fq9gUtGqE4g%3D,0.295851,3682
997605069,S4A06592_20180424_095000.flac,2018 SJWA-rose-2,2018,4,24,9,50,Agelaius tricolor,Alternative Song 2,6.44267,6.848,609,7406,12000,(not validated),https://rfcx-streams-production.s3.eu-west-1.amazonaws.com/2018/04/24/gunzylbkp5cs/d32a38a9-8ed6-1e7a-6913-400a66915c6c.flac?AWSAccessKeyId=AKIA45B7YWBX7MUJ7QCX&Expires=1764564865&Signature=gSt9YOOA2KRiPJgGEWjgn60RLt4%3D,0.233613,3682
997605070,S4A06592_20180424_132000.flac,2018 SJWA-rose-2,2018,4,24,13,20,Agelaius tricolor,Alternative Song 2,38.9547,39.36,609,7406,12000,(not validated),https://rfcx-streams-production.s3.eu-west-1.amazonaws.com/2018/04/24/gunzylbkp5cs/cc54a81c-33ef-dae8-9762-b1fac42ecdca.flac?AWSAccessKeyId=AKIA45B7YWBX7MUJ7QCX&Expires=1764564865&Signature=QZMtgCwHSj1rpdbVw83HNFjlZZg%3D,0.375909,3682
997605071,S4A06592_20180424_103200.flac,2018 SJWA-rose-2,2018,4,24,10,32,Agelaius tricolor,Alternative Song 2,37.0453,37.4507,609,7406,12000,(not validated),https://rfcx-streams-production.s3.eu-west-1.amazonaws.com/2018/04/24/gunzylbkp5cs/d3178cbf-cdff-b467-e1b5-bc55f8ba61fd.flac?AWSAccessKeyId=AKIA45B7YWBX7MUJ7QCX&Expires=1764564865&Signature=SULTc1PBT9bj9eFRHlVovruHAp8%3D,0.209866,3682
997605072,S4A06592_20180424_142300.flac,2018 SJWA-rose-2,2018,4,24,14,23,Agelaius tricolor,Alternative Song 2,43.616,44.0213,609,7406,12000,(not validated),https://rfcx-streams-production.s3.eu-west-1.amazonaws.com/2018/04/24/gunzylbkp5cs/15ebf2f0-f73c-b851-5275-b51969d3fad7.flac?AWSAccessKeyId=AKIA45B7YWBX7MUJ7QCX&Expires=1764564865&Signature=nsJDqn1P3tDz2%2BhQ%2FJfXRdhZrtA%3D,0.295637,3682
997605073,S4A06592_20180424_125900.flac,2018 SJWA-rose-2,2018,4,24,12,59,Agelaius tricolor,Alternative Song 2,10.8587,11.264,609,7406,12000,(not validated),https://rfcx-streams-production.s3.eu-west-1.amazonaws.com/2018/04/24/gunzylbkp5cs/43ea3eb9-3868-0869-86f6-cc2d011afcfa.flac?AWSAccessKeyId=AKIA45B7YWBX7MUJ7QCX&Expires=1764564865&Signature=Kiqe4kErc3O%2BD2VgRYLbvs176cI%3D,0.315974,3682
997605074,S4A06592_20180424_123800.flac,2018 SJWA-rose-2,2018,4,24,12,38,Agelaius tricolor,Alternative Song 2,13.5787,13.984,609,7406,12000,(not validated),https://rfcx-streams-production.s3.eu-west-1.amazonaws.com/2018/04/24/gunzylbkp5cs/385576ef-51a7-6e36-7ded-96aad2ebea6b.flac?AWSAccessKeyId=AKIA45B7YWBX7MUJ7QCX&Expires=1764564865&Signature=IkP1FU6WZs%2Fvj9%2FMNO2nDNtlwDs%3D,0.278843,3682
997605075,S4A06592_20180424_154700.flac,2018 SJWA-rose-2,2018,4,24,15,47,Agelaius tricolor,Alternative Song 2,7.38133,7.78667,609,7406,12000,(not validated),https://rfcx-streams-production.s3.eu-west-1.amazonaws.com/2018/04/24/gunzylbkp5cs/b7434db5-362f-a410-8aac-4f8862977229.flac?AWSAccessKeyId=AKIA45B7YWBX7MUJ7QCX&Expires=1764564865&Signature=zX%2BRs4%2FWDBas92oLfVuiU%2BQr2pU%3D,0.310629,3682
997605076,S4A06592_20180424_152600.flac,2018 SJWA-rose-2,2018,4,24,15,26,Agelaius tricolor,Alternative Song 2,30.0907,30.496,609,7406,12000,(not validated),https://rfcx-streams-production.s3.eu-west-1.amazonaws.com/2018/04/24/gunzylbkp5cs/6e98fb37-d396-7399-5ad4-484d16b68401.flac?AWSAccessKeyId=AKIA45B7YWBX7MUJ7QCX&Expires=1764564865&Signature=RmeLJ9Jbvrg5gEqydiuoRO1JXRE%3D,0.273493,3682
997605077,S4A06592_20180424_172300.flac,2018 SJWA-rose-2,2018,4,24,17,23,Agelaius tricolor,Alternative Song 2,19.3707,19.776,609,7406,12000,(not validated),https://rfcx-streams-production.s3.eu-west-1.amazonaws.com/2018/04/24/gunzylbkp5cs/04ebd025-83ca-8f22-7f76-14857f2257c0.flac?AWSAccessKeyId=AKIA45B7YWBX7MUJ7QCX&Expires=1764564865&Signature=5Nizvlco7s2j6ZqxSh%2F189I2rUU%3D,0.208796,3682
997605078,S4A06592_20180424_155900.flac,2018 SJWA-rose-2,2018,4,24,15,59,Agelaius tricolor,Alternative Song 2,49.568,49.9733,609,7406,12000,(not validated),https://rfcx-streams-production.s3.eu-west-1.amazonaws.com/2018/04/24/gunzylbkp5cs/29ef13f2-f8df-4314-81f8-e5318a5866c1.flac?AWSAccessKeyId=AKIA45B7YWBX7MUJ7QCX&Expires=1764564865&Signature=Cm8L7kejs7vMF35%2B6HgV8CSSW8w%3D,0.201842,3682
997605079,S4A06592_20180424_192900.flac,2018 SJWA-rose-2,2018,4,24,19,29,Agelaius tricolor,Alternative Song 2,23.552,23.9573,609,7406,12000,(not validated),https://rfcx-streams-production.s3.eu-west-1.amazonaws.com/2018/04/24/gunzylbkp5cs/0bd9d845-b45c-037b-9770-37be5faaf8d4.flac?AWSAccessKeyId=AKIA45B7YWBX7MUJ7QCX&Expires=1764564865&Signature=NlEi5e1NrlOZfxCOZ%2FXEIbJyF1Q%3D,0.275143,3682
997605080,S4A06592_20180424_201100.flac,2018 SJWA-rose-2,2018,4,24,20,11,Agelaius tricolor,Alternative Song 2,0.224,0.629333,609,7406,12000,(not validated),https://rfcx-streams-production.s3.eu-west-1.amazonaws.com/2018/04/24/gunzylbkp5cs/8e7bef06-9c03-c410-359d-8539e78a8dd9.flac?AWSAccessKeyId=AKIA45B7YWBX7MUJ7QCX&Expires=1764564865&Signature=nMEo3hqIpOt7B1ftB2LWYrYNUFo%3D,0.220167,3682
997605081,S4A06592_20180424_190800.flac,2018 SJWA-rose-2,2018,4,24,19,8,Agelaius tricolor,Alternative Song 2,45.3653,45.7707,609,7406,12000,(not validated),https://rfcx-streams-production.s3.eu-west-1.amazonaws.com/2018/04/24/gunzylbkp5cs/bb21a6d0-2e7f-2533-cae3-3ebd95c9f4d3.flac?AWSAccessKeyId=AKIA45B7YWBX7MUJ7QCX&Expires=1764564865&Signature=LSUoeFrrPkJwd%2F9EKx8Ckwp9SeY%3D,0.248768,3682
997605082,S4A06592_20180424_211400.flac,2018 SJWA-rose-2,2018,4,24,21,14,Agelaius tricolor,Alternative Song 2,8.53333,8.93867,609,7406,12000,(not validated),https://rfcx-streams-production.s3.eu-west-1.amazonaws.com/2018/04/24/gunzylbkp5cs/5ea8ff93-8cf1-e265-a097-4da05111da1f.flac?AWSAccessKeyId=AKIA45B7YWBX7MUJ7QCX&Expires=1764564865&Signature=YqIxAn4Hk8l%2B187fl68IBV3hVBc%3D,0.202075,3682
997605083,S4A06592_20180424_225900.flac,2018 SJWA-rose-2,2018,4,24,22,59,Agelaius tricolor,Alternative Song 2,52.992,53.3973,609,7406,12000,(not validated),https://rfcx-streams-production.s3.eu-west-1.amazonaws.com/2018/04/24/gunzylbkp5cs/27ee33bf-5229-9260-150a-c911d7657068.flac?AWSAccessKeyId=AKIA45B7YWBX7MUJ7QCX&Expires=1764564865&Signature=tvbfnQ2DV%2BR7DWi5uqLk7Jld8uk%3D,0.25656,3682
997605084,S4A06592_20180425_000200.flac,2018 SJWA-rose-2,2018,4,25,0,2,Agelaius tricolor,Alternative Song 2,15.2107,15.616,609,7406,12000,(not validated),https://rfcx-streams-production.s3.eu-west-1.amazonaws.com/2018/04/24/gunzylbkp5cs/7a178ca2-c147-b3c5-86d1-15266795e928.flac?AWSAccessKeyId=AKIA45B7YWBX7MUJ7QCX&Expires=1764564865&Signature=iSm2MyjnA29R6RpUJSVEO2%2FKaXg%3D,0.204795,3682
997605085,S4A06592_20180425_020800.flac,2018 SJWA-rose-2,2018,4,25,2,8,Agelaius tricolor,Alternative Song 2,16.5227,16.928,609,7406,12000,(not validated),https://rfcx-streams-production.s3.eu-west-1.amazonaws.com/2018/04/24/gunzylbkp5cs/a88dbce2-2280-fab6-00af-97b8d9fe8bbe.flac?AWSAccessKeyId=AKIA45B7YWBX7MUJ7QCX&Expires=1764564865&Signature=bEty4Ij7TKvP3DDNmJsvpL3deRI%3D,0.225944,3682
997605086,S4A06592_20180425_004400.flac,2018 SJWA-rose-2,2018,4,25,0,44,Agelaius tricolor,Alternative Song 2,47.5413,47.9467,609,7406,12000,(not validated),https://rfcx-streams-production.s3.eu-west-1.amazonaws.com/2018/04/24/gunzylbkp5cs/f43d5dee-0a77-b300-cb58-33e4bc082a01.flac?AWSAccessKeyId=AKIA45B7YWBX7MUJ7QCX&Expires=1764564865&Signature=zlDKo5Qi9%2BMfYtlvypvCGo7Z%2BCU%3D,0.226361,3682
997605087,S4A06592_20180425_022900.flac,2018 SJWA-rose-2,2018,4,25,2,29,Agelaius tricolor,Alternative Song 2,32.544,32.9493,609,7406,12000,(not validated),https://rfcx-streams-production.s3.eu-west-1.amazonaws.com/2018/04/24/gunzylbkp5cs/c64ffc0a-19c5-86dd-dabf-5d7e71d2edc8.flac?AWSAccessKeyId=AKIA45B7YWBX7MUJ7QCX&Expires=1764564865&Signature=445evNCgF0NFMR%2BD2Zt0CW9WOjc%3D,0.264261,3682
997605088,S4A06592_20180425_035300.flac,2018 SJWA-rose-2,2018,4,25,3,53,Agelaius tricolor,Alternative Song 2,57.1093,57.5147,609,7406,12000,(not validated),https://rfcx-streams-production.s3.eu-west-1.amazonaws.com/2018/04/24/gunzylbkp5cs/fd9884e1-de80-92f4-d925-14eaeb1b8d8c.flac?AWSAccessKeyId=AKIA45B7YWBX7MUJ7QCX&Expires=1764564865&Signature=ZfM8WQ1KJ70E9kro68tNX0H81%2Bw%3D,0.233851,3682
997605089,S4A06592_20180425_045600.flac,2018 SJWA-rose-2,2018,4,25,4,56,Agelaius tricolor,Alternative Song 2,47.7333,48.1387,609,7406,12000,(not validated),https://rfcx-streams-production.s3.eu-west-1.amazonaws.com/2018/04/24/gunzylbkp5cs/2500621f-8c70-f988-14f8-535fca5e9cc3.flac?AWSAccessKeyId=AKIA45B7YWBX7MUJ7QCX&Expires=1764564865&Signature=%2FHt7vybzFNAM9mhPGsRAvUYNsl4%3D,0.20497,3682
997605090,S4A06592_20180425_051700.flac,2018 SJWA-rose-2,2018,4,25,5,17,Agelaius tricolor,Alternative Song 2,15.1573,15.5627,609,7406,12000,(not validated),https://rfcx-streams-production.s3.eu-west-1.amazonaws.com/2018/04/24/gunzylbkp5cs/9c44d6d9-cb12-1ecc-f586-c98c3b5ea2ae.flac?AWSAccessKeyId=AKIA45B7YWBX7MUJ7QCX&Expires=1764564865&Signature=JZzLe4EVEjRO46WqGMQ%2Bht1XoJw%3D,0.269476,3682
997605091,S4A06592_20180425_064100.flac,2018 SJWA-rose-2,2018,4,25,6,41,Agelaius tricolor,Alternative Song 2,7.44533,7.85067,609,7406,12000,(not validated),https://rfcx-streams-production.s3.eu-west-1.amazonaws.com/2018/04/24/gunzylbkp5cs/52e90dd4-94b3-0332-d96a-d4fd105e6b59.flac?AWSAccessKeyId=AKIA45B7YWBX7MUJ7QCX&Expires=1764564865&Signature=5oyNVSXm4icVFQL2UeWk%2B1sbQWI%3D,0.255852,3682
997605092,S4A06592_20180425_070200.flac,2018 SJWA-rose-2,2018,4,25,7,2,Agelaius tricolor,Alternative Song 2,56.6613,57.0667,609,7406,12000,(not validated),https://rfcx-streams-production.s3.eu-west-1.amazonaws.com/2018/04/25/gunzylbkp5cs/39be46e5-d6a6-6a23-4e8b-af4ba4153fd6.flac?AWSAccessKeyId=AKIA45B7YWBX7MUJ7QCX&Expires=1764564865&Signature=yEa445BoSEfpJS8yHGxOosfFs88%3D,0.249418,3682
997605093,S4A06592_20180425_074400.flac,2018 SJWA-rose-2,2018,4,25,7,44,Agelaius tricolor,Alternative Song 2,59.2427,59.648,609,7406,12000,(not validated),https://rfcx-streams-production.s3.eu-west-1.amazonaws.com/2018/04/25/gunzylbkp5cs/3612ea8a-8052-2fd8-eeec-420e4872090d.flac?AWSAccessKeyId=AKIA45B7YWBX7MUJ7QCX&Expires=1764564865&Signature=2oFAQTzegDf9NOJolVyQCqVhPwM%3D,0.284256,3682
997605094,S4A06592_20180425_062000.flac,2018 SJWA-rose-2,2018,4,25,6,20,Agelaius tricolor,Alternative Song 2,38.8587,39.264,609,7406,12000,(not validated),https://rfcx-streams-production.s3.eu-west-1.amazonaws.com/2018/04/24/gunzylbkp5cs/c755a291-4cfc-21cd-ba3e-7f0993793ccc.flac?AWSAccessKeyId=AKIA45B7YWBX7MUJ7QCX&Expires=1764564865&Signature=1d8lUqfYQWkkG8XbAZN9UEtKYd4%3D,0.224205,3682
997605095,S4A06592_20180425_053800.flac,2018 SJWA-rose-2,2018,4,25,5,38,Agelaius tricolor,Alternative Song 2,5.03467,5.44,609,7406,12000,(not validated),https://rfcx-streams-production.s3.eu-west-1.amazonaws.com/2018/04/24/gunzylbkp5cs/d1b42e78-5d08-a663-372d-d03410c94c15.flac?AWSAccessKeyId=AKIA45B7YWBX7MUJ7QCX&Expires=1764564865&Signature=KxncmiN4%2B8p8O%2FwL8haQqsBrkOg%3D,0.306035,3682
997605096,S4A06592_20180425_055900.flac,2018 SJWA-rose-2,2018,4,25,5,59,Agelaius tricolor,Alternative Song 2,59.008,59.4133,609,7406,12000,(not validated),https://rfcx-streams-production.s3.eu-west-1.amazonaws.com/2018/04/24/gunzylbkp5cs/95d6f4ba-cb51-24d3-cfde-368db7d2685d.flac?AWSAccessKeyId=AKIA45B7YWBX7MUJ7QCX&Expires=1764564865&Signature=tCee8EKXTNl4dKZAQwKCbjYrsAQ%3D,0.262292,3682
997605097,S4A06592_20180425_080500.flac,2018 SJWA-rose-2,2018,4,25,8,5,Agelaius tricolor,Alternative Song 2,15.0293,15.4347,609,7406,12000,(not validated),https://rfcx-streams-production.s3.eu-west-1.amazonaws.com/2018/04/25/gunzylbkp5cs/43b609d6-9f10-12b5-9033-657dd94a6f24.flac?AWSAccessKeyId=AKIA45B7YWBX7MUJ7QCX&Expires=1764564865&Signature=yNymhuqX0kLwMPV4JUoxONQNVjQ%3D,0.208898,3682
997605098,S4A06592_20180425_090800.flac,2018 SJWA-rose-2,2018,4,25,9,8,Agelaius tricolor,Alternative Song 2,36.2773,36.6827,609,7406,12000,(not validated),https://rfcx-streams-production.s3.eu-west-1.amazonaws.com/2018/04/25/gunzylbkp5cs/93816382-d551-c6cc-4c50-c6f86a973aee.flac?AWSAccessKeyId=AKIA45B7YWBX7MUJ7QCX&Expires=1764564865&Signature=oRY%2FOcr9qFamIKMue8hrziLVK9I%3D,0.362612,3682
997605099,S4A06592_20180425_082600.flac,2018 SJWA-rose-2,2018,4,25,8,26,Agelaius tricolor,Alternative Song 2,39.744,40.1493,609,7406,12000,(not validated),https://rfcx-streams-production.s3.eu-west-1.amazonaws.com/2018/04/25/gunzylbkp5cs/75ff9e86-a209-8705-7653-e28a8a390545.flac?AWSAccessKeyId=AKIA45B7YWBX7MUJ7QCX&Expires=1764564865&Signature=vOE6L25rXZXJ%2FtvytoODG6LGo%2Fo%3D,0.272856,3682
997605100,S4A06592_20180425_095000.flac,2018 SJWA-rose-2,2018,4,25,9,50,Agelaius tricolor,Alternative Song 2,54.7413,55.1467,609,7406,12000,(not validated),https://rfcx-streams-production.s3.eu-west-1.amazonaws.com/2018/04/25/gunzylbkp5cs/54bd5a50-b7a8-3a33-2883-9f53d07a81bd.flac?AWSAccessKeyId=AKIA45B7YWBX7MUJ7QCX&Expires=1764564865&Signature=%2FeHkWq%2BX2nvruqGNuu2v%2F5Kn0RE%3D,0.211884,3682
997605101,S4A06592_20180425_101100.flac,2018 SJWA-rose-2,2018,4,25,10,11,Agelaius tricolor,Alternative Song 2,23.2213,23.6267,609,7406,12000,(not validated),https://rfcx-streams-production.s3.eu-west-1.amazonaws.com/2018/04/25/gunzylbkp5cs/893f3954-ac71-113d-4bc8-d04d84f5db08.flac?AWSAccessKeyId=AKIA45B7YWBX7MUJ7QCX&Expires=1764564865&Signature=sxqroi3PZUHL9EEgnqvZZJ4Jz9o%3D,0.271251,3682
997605102,S4A06592_20180425_105300.flac,2018 SJWA-rose-2,2018,4,25,10,53,Agelaius tricolor,Alternative Song 2,38.4,38.8053,609,7406,12000,(not validated),https://rfcx-streams-production.s3.eu-west-1.amazonaws.com/2018/04/25/gunzylbkp5cs/c52fa122-554f-f569-4df5-c4740358e0d8.flac?AWSAccessKeyId=AKIA45B7YWBX7MUJ7QCX&Expires=1764564865&Signature=axx1dDYXuF%2FQyI9KB81wnAWqcog%3D,0.214472,3682
997605103,S4A06592_20180425_092900.flac,2018 SJWA-rose-2,2018,4,25,9,29,Agelaius tricolor,Alternative Song 2,12.32,12.7253,609,7406,12000,(not validated),https://rfcx-streams-production.s3.eu-west-1.amazonaws.com/2018/04/25/gunzylbkp5cs/1ff31fa1-6557-04a6-7b2e-2d2b93b74926.flac?AWSAccessKeyId=AKIA45B7YWBX7MUJ7QCX&Expires=1764564865&Signature=1Dh9j%2BgP7bB%2B58jj5UIOzcy%2FJkc%3D,0.240695,3682
997605104,S4A06592_20180425_113500.flac,2018 SJWA-rose-2,2018,4,25,11,35,Agelaius tricolor,Alternative Song 2,49.12,49.5253,609,7406,12000,(not validated),https://rfcx-streams-production.s3.eu-west-1.amazonaws.com/2018/04/25/gunzylbkp5cs/463dd279-b685-b002-b3ac-036ad3394150.flac?AWSAccessKeyId=AKIA45B7YWBX7MUJ7QCX&Expires=1764564865&Signature=aijpDUvOGPmRK5LzEZSn2gHmXi4%3D,0.219625,3682
997605105,S4A06592_20180425_084700.flac,2018 SJWA-rose-2,2018,4,25,8,47,Agelaius tricolor,Alternative Song 2,8.29867,8.704,609,7406,12000,(not validated),https://rfcx-streams-production.s3.eu-west-1.amazonaws.com/2018/04/25/gunzylbkp5cs/6f3ab830-cfc0-b869-3dd1-c69a2accf042.flac?AWSAccessKeyId=AKIA45B7YWBX7MUJ7QCX&Expires=1764564865&Signature=VKhGjtTztbfqdkJKuKblXoe5TA8%3D,0.258649,3682
997605106,S4A06592_20180425_103200.flac,2018 SJWA-rose-2,2018,4,25,10,32,Agelaius tricolor,Alternative Song 2,7.78667,8.192,609,7406,12000,(not validated),https://rfcx-streams-production.s3.eu-west-1.amazonaws.com/2018/04/25/gunzylbkp5cs/05c95788-ccae-9833-34da-af609ad68715.flac?AWSAccessKeyId=AKIA45B7YWBX7MUJ7QCX&Expires=1764564865&Signature=mxqlFACZGpwIaftZ37BYFP7LM%2FY%3D,0.371401,3682
997605107,S4A06592_20180425_115600.flac,2018 SJWA-rose-2,2018,4,25,11,56,Agelaius tricolor,Alternative Song 2,7.04,7.44533,609,7406,12000,(not validated),https://rfcx-streams-production.s3.eu-west-1.amazonaws.com/2018/04/25/gunzylbkp5cs/e013ee0e-47c4-f841-0488-c949e45bc9ae.flac?AWSAccessKeyId=AKIA45B7YWBX7MUJ7QCX&Expires=1764564865&Signature=UA1Lpl2sV41%2F%2F3Pzpc3QcamWz1A%3D,0.248773,3682
997605108,S4A06592_20180425_121700.flac,2018 SJWA-rose-2,2018,4,25,12,17,Agelaius tricolor,Alternative Song 2,13.9733,14.3787,609,7406,12000,(not validated),https://rfcx-streams-production.s3.eu-west-1.amazonaws.com/2018/04/25/gunzylbkp5cs/054f3986-d12c-6b3e-dd58-5c4738a1a45c.flac?AWSAccessKeyId=AKIA45B7YWBX7MUJ7QCX&Expires=1764564865&Signature=mRQJ2O1Rx%2BoPmOEzlc5bw8lebG4%3D,0.231557,3682
997605109,S4A06592_20180425_144400.flac,2018 SJWA-rose-2,2018,4,25,14,44,Agelaius tricolor,Alternative Song 2,58.0373,58.4427,609,7406,12000,(not validated),https://rfcx-streams-production.s3.eu-west-1.amazonaws.com/2018/04/25/gunzylbkp5cs/f24c9708-6202-ac51-fec4-478eddf6dce0.flac?AWSAccessKeyId=AKIA45B7YWBX7MUJ7QCX&Expires=1764564865&Signature=HLWGORCpdMZuDf1lVcwNRAUuogE%3D,0.340061,3682
997605110,S4A06592_20180425_154700.flac,2018 SJWA-rose-2,2018,4,25,15,47,Agelaius tricolor,Alternative Song 2,20.4693,20.8747,609,7406,12000,(not validated),https://rfcx-streams-production.s3.eu-west-1.amazonaws.com/2018/04/25/gunzylbkp5cs/f65045fe-53f2-bda1-de8c-066d893a9f42.flac?AWSAccessKeyId=AKIA45B7YWBX7MUJ7QCX&Expires=1764564865&Signature=HKFWzrNgcQfwyVvl6DX0VIDevyg%3D,0.227231,3682
997605111,S4A06592_20180425_155900.flac,2018 SJWA-rose-2,2018,4,25,15,59,Agelaius tricolor,Alternative Song 2,35.904,36.3093,609,7406,12000,(not validated),https://rfcx-streams-production.s3.eu-west-1.amazonaws.com/2018/04/25/gunzylbkp5cs/d84e4319-e86f-b3eb-d84a-879efb0855d6.flac?AWSAccessKeyId=AKIA45B7YWBX7MUJ7QCX&Expires=1764564865&Signature=I3yNG5TaF57EmwBeB3DbBze2lX4%3D,0.225845,3682
997605112,S4A06592_20180425_164100.flac,2018 SJWA-rose-2,2018,4,25,16,41,Agelaius tricolor,Alternative Song 2,19.5093,19.9147,609,7406,12000,(not validated),https://rfcx-streams-production.s3.eu-west-1.amazonaws.com/2018/04/25/gunzylbkp5cs/a820a883-48ff-7a24-cab4-6be0ccdac8da.flac?AWSAccessKeyId=AKIA45B7YWBX7MUJ7QCX&Expires=1764564865&Signature=j7rj4sGyG8Cn%2BYuANCz3hng3RzI%3D,0.285465,3682
997605113,S4A06592_20180422_092900.flac,2018 SJWA-rose-2,2018,4,22,9,29,Agelaius tricolor,Alternative Song 2,17.7387,18.144,609,7406,12000,(not validated),https://rfcx-streams-production.s3.eu-west-1.amazonaws.com/2018/04/22/gunzylbkp5cs/c6b509bc-8e61-d722-6552-cf2bb9f2a17e.flac?AWSAccessKeyId=AKIA45B7YWBX7MUJ7QCX&Expires=1764564865&Signature=%2BotaB6CqUlfKUjFrxdeVXnQ%2FPQc%3D,0.208645,3682
997605114,S4A06592_20180422_084700.flac,2018 SJWA-rose-2,2018,4,22,8,47,Agelaius tricolor,Alternative Song 2,47.2853,47.6907,609,7406,12000,(not validated),https://rfcx-streams-production.s3.eu-west-1.amazonaws.com/2018/04/22/gunzylbkp5cs/ddabd189-0a91-bd95-1e78-5b26be4b7400.flac?AWSAccessKeyId=AKIA45B7YWBX7MUJ7QCX&Expires=1764564865&Signature=9%2FrLJT8tCHlYEkp5lnDqwMClg3I%3D,0.311175,3682
997605115,S4A06592_20180422_095000.flac,2018 SJWA-rose-2,2018,4,22,9,50,Agelaius tricolor,Alternative Song 2,54.8587,55.264,609,7406,12000,(not validated),https://rfcx-streams-production.s3.eu-west-1.amazonaws.com/2018/04/22/gunzylbkp5cs/aed389bc-f291-b0bb-5fa6-0b477bdafe16.flac?AWSAccessKeyId=AKIA45B7YWBX7MUJ7QCX&Expires=1764564865&Signature=ZUAFQ61JtEsY8UxsV1ujZNDLWI0%3D,0.349977,3682
997605116,S4A06592_20180422_103200.flac,2018 SJWA-rose-2,2018,4,22,10,32,Agelaius tricolor,Alternative Song 2,57.5467,57.952,609,7406,12000,(not validated),https://rfcx-streams-production.s3.eu-west-1.amazonaws.com/2018/04/22/gunzylbkp5cs/467cdc37-4af3-0477-ae60-939b6cec28e4.flac?AWSAccessKeyId=AKIA45B7YWBX7MUJ7QCX&Expires=1764564865&Signature=Jy1ameWgTyMAhtg4N9xVzXN7kGU%3D,0.210466,3682
997605117,S4A06592_20180422_105300.flac,2018 SJWA-rose-2,2018,4,22,10,53,Agelaius tricolor,Alternative Song 2,0.277333,0.682667,609,7406,12000,(not validated),https://rfcx-streams-production.s3.eu-west-1.amazonaws.com/2018/04/22/gunzylbkp5cs/59453233-d82f-4707-567e-82bfabc1c49e.flac?AWSAccessKeyId=AKIA45B7YWBX7MUJ7QCX&Expires=1764564865&Signature=cVrdi11PnckHJhFdKpok17tn5VU%3D,0.228327,3682
997605118,S4A06592_20180422_090800.flac,2018 SJWA-rose-2,2018,4,22,9,8,Agelaius tricolor,Alternative Song 2,59.232,59.6373,609,7406,12000,(not validated),https://rfcx-streams-production.s3.eu-west-1.amazonaws.com/2018/04/22/gunzylbkp5cs/adfe4ca3-7a35-19ae-2976-d3f74f86fd88.flac?AWSAccessKeyId=AKIA45B7YWBX7MUJ7QCX&Expires=1764564865&Signature=Ij17%2BdsYVqsOvyckDB%2FSS%2FEUwvM%3D,0.266639,3682
997605119,S4A06592_20180422_111400.flac,2018 SJWA-rose-2,2018,4,22,11,14,Agelaius tricolor,Alternative Song 2,6.93333,7.33867,609,7406,12000,(not validated),https://rfcx-streams-production.s3.eu-west-1.amazonaws.com/2018/04/22/gunzylbkp5cs/c20f46e2-796d-aae4-60b9-4908170e3527.flac?AWSAccessKeyId=AKIA45B7YWBX7MUJ7QCX&Expires=1764564865&Signature=juIu%2FwGFRDuy5vfMnKCF67sPB44%3D,0.21655,3682
997605120,S4A06592_20180422_101100.flac,2018 SJWA-rose-2,2018,4,22,10,11,Agelaius tricolor,Alternative Song 2,28.864,29.2693,609,7406,12000,(not validated),https://rfcx-streams-production.s3.eu-west-1.amazonaws.com/2018/04/22/gunzylbkp5cs/92bea4fc-b124-6ca6-accd-9ff57ce63b24.flac?AWSAccessKeyId=AKIA45B7YWBX7MUJ7QCX&Expires=1764564865&Signature=tXDkkJrYRyp7P%2FJ%2BIMUu2Dj4%2B34%3D,0.248214,3682
997605121,S4A06592_20180422_115600.flac,2018 SJWA-rose-2,2018,4,22,11,56,Agelaius tricolor,Alternative Song 2,55.0187,55.424,609,7406,12000,(not validated),https://rfcx-streams-production.s3.eu-west-1.amazonaws.com/2018/04/22/gunzylbkp5cs/a3aa179e-c5ca-2906-5b41-fd7812697837.flac?AWSAccessKeyId=AKIA45B7YWBX7MUJ7QCX&Expires=1764564865&Signature=khxz4IkFyeewkDSl3srYsJ0m8Wg%3D,0.232556,3682
997605122,S4A06592_20180422_113500.flac,2018 SJWA-rose-2,2018,4,22,11,35,Agelaius tricolor,Alternative Song 2,44.896,45.3013,609,7406,12000,(not validated),https://rfcx-streams-production.s3.eu-west-1.amazonaws.com/2018/04/22/gunzylbkp5cs/5d6326a1-5c19-cc81-a3c1-39a6969fca7f.flac?AWSAccessKeyId=AKIA45B7YWBX7MUJ7QCX&Expires=1764564865&Signature=5jb72mFl7B7pdCsPznh0t50UkfI%3D,0.24511,3682
997605123,S4A06592_20180422_121700.flac,2018 SJWA-rose-2,2018,4,22,12,17,Agelaius tricolor,Alternative Song 2,57.536,57.9413,609,7406,12000,(not validated),https://rfcx-streams-production.s3.eu-west-1.amazonaws.com/2018/04/22/gunzylbkp5cs/2bf8a82b-bdad-6b3d-b16f-79157e5563ed.flac?AWSAccessKeyId=AKIA45B7YWBX7MUJ7QCX&Expires=1764564865&Signature=Ym3hOIxhWKbaee2%2Fkkr%2BSU6UJl8%3D,0.241752,3682
997605124,S4A06592_20180422_132000.flac,2018 SJWA-rose-2,2018,4,22,13,20,Agelaius tricolor,Alternative Song 2,0.202667,0.608,609,7406,12000,(not validated),https://rfcx-streams-production.s3.eu-west-1.amazonaws.com/2018/04/22/gunzylbkp5cs/f93020a1-8dd1-296b-7920-74560eabbbff.flac?AWSAccessKeyId=AKIA45B7YWBX7MUJ7QCX&Expires=1764564865&Signature=GTosq%2BsOj5dDeacCHy7ahXOTUVo%3D,0.215493,3682
997605125,S4A06592_20180422_134100.flac,2018 SJWA-rose-2,2018,4,22,13,41,Agelaius tricolor,Alternative Song 2,55.1253,55.5307,609,7406,12000,(not validated),https://rfcx-streams-production.s3.eu-west-1.amazonaws.com/2018/04/22/gunzylbkp5cs/1206d513-22f3-3b48-1af1-f6d6019bdcd1.flac?AWSAccessKeyId=AKIA45B7YWBX7MUJ7QCX&Expires=1764564865&Signature=odRtQEAqPXU196wPuZAcqrWiD3k%3D,0.305293,3682
997605126,S4A06592_20180422_140200.flac,2018 SJWA-rose-2,2018,4,22,14,2,Agelaius tricolor,Alternative Song 2,27.4133,27.8187,609,7406,12000,(not validated),https://rfcx-streams-production.s3.eu-west-1.amazonaws.com/2018/04/22/gunzylbkp5cs/f24813d4-6a04-7d7d-44b4-0a31168b7398.flac?AWSAccessKeyId=AKIA45B7YWBX7MUJ7QCX&Expires=1764564865&Signature=7JHKkcO6jaDQcQ8jKbmcTLpp714%3D,0.212048,3682
997605127,S4A06592_20180422_152600.flac,2018 SJWA-rose-2,2018,4,22,15,26,Agelaius tricolor,Alternative Song 2,56.992,57.3973,609,7406,12000,(not validated),https://rfcx-streams-production.s3.eu-west-1.amazonaws.com/2018/04/22/gunzylbkp5cs/0f82fa1f-3dee-d7e9-0c3a-7a0c21ae2ff8.flac?AWSAccessKeyId=AKIA45B7YWBX7MUJ7QCX&Expires=1764564865&Signature=KOAd9L9d81oCuRoMYO%2B2s9DabQg%3D,0.301114,3682
997605128,S4A06592_20180422_170200.flac,2018 SJWA-rose-2,2018,4,22,17,2,Agelaius tricolor,Alternative Song 2,33.4827,33.888,609,7406,12000,(not validated),https://rfcx-streams-production.s3.eu-west-1.amazonaws.com/2018/04/22/gunzylbkp5cs/30f6ee5c-1376-4a15-c493-24777d4e9943.flac?AWSAccessKeyId=AKIA45B7YWBX7MUJ7QCX&Expires=1764564865&Signature=iY47bBXZo7DFRkdEpxlPwkIewTs%3D,0.307423,3682
997605129,S4A06592_20180422_180500.flac,2018 SJWA-rose-2,2018,4,22,18,5,Agelaius tricolor,Alternative Song 2,33.7493,34.1547,609,7406,12000,(not validated),https://rfcx-streams-production.s3.eu-west-1.amazonaws.com/2018/04/22/gunzylbkp5cs/fb5a6fea-637f-2667-9452-aa737e117d8b.flac?AWSAccessKeyId=AKIA45B7YWBX7MUJ7QCX&Expires=1764564865&Signature=MYqnRN6LHQcS%2Bltj%2FgmcEK0tul0%3D,0.217531,3682
997605130,S4A06592_20180422_190800.flac,2018 SJWA-rose-2,2018,4,22,19,8,Agelaius tricolor,Alternative Song 2,48.9067,49.312,609,7406,12000,(not validated),https://rfcx-streams-production.s3.eu-west-1.amazonaws.com/2018/04/22/gunzylbkp5cs/fb9c12a1-5b8c-a4f4-eb48-47e8f3d1d2c4.flac?AWSAccessKeyId=AKIA45B7YWBX7MUJ7QCX&Expires=1764564865&Signature=1VMx%2BU7N8WIsqIfWsjOUj6UAars%3D,0.235592,3682
997605131,S4A06592_20180422_172300.flac,2018 SJWA-rose-2,2018,4,22,17,23,Agelaius tricolor,Alternative Song 2,28.864,29.2693,609,7406,12000,(not validated),https://rfcx-streams-production.s3.eu-west-1.amazonaws.com/2018/04/22/gunzylbkp5cs/338f745d-6fc2-5030-2dbb-e7d0566e1fa0.flac?AWSAccessKeyId=AKIA45B7YWBX7MUJ7QCX&Expires=1764564865&Signature=99%2FCcm94TsWSCmF9HEH0MUjsrZs%3D,0.287815,3682
997605132,S4A06592_20180422_182600.flac,2018 SJWA-rose-2,2018,4,22,18,26,Agelaius tricolor,Alternative Song 2,3.136,3.54133,609,7406,12000,(not validated),https://rfcx-streams-production.s3.eu-west-1.amazonaws.com/2018/04/22/gunzylbkp5cs/fb374d26-97a3-e8e6-0f14-dabd05f9dff9.flac?AWSAccessKeyId=AKIA45B7YWBX7MUJ7QCX&Expires=1764564865&Signature=9oNTKuUrCQiewqyYYPYX3%2F31w8o%3D,0.301954,3682
997605133,S4A06592_20180422_195000.flac,2018 SJWA-rose-2,2018,4,22,19,50,Agelaius tricolor,Alternative Song 2,57.7493,58.1547,609,7406,12000,(not validated),https://rfcx-streams-production.s3.eu-west-1.amazonaws.com/2018/04/22/gunzylbkp5cs/3e044043-0f9a-4d2e-ebf9-b3b40d604eac.flac?AWSAccessKeyId=AKIA45B7YWBX7MUJ7QCX&Expires=1764564865&Signature=ZaUX8b4opUmdbqyW3YZIt0B0EMY%3D,0.25069,3682
997605134,S4A06592_20180423_000200.flac,2018 SJWA-rose-2,2018,4,23,0,2,Agelaius tricolor,Alternative Song 2,40.4693,40.8747,609,7406,12000,(not validated),https://rfcx-streams-production.s3.eu-west-1.amazonaws.com/2018/04/22/gunzylbkp5cs/89fa3154-c114-ad23-d29f-18cc3391d1cc.flac?AWSAccessKeyId=AKIA45B7YWBX7MUJ7QCX&Expires=1764564865&Signature=7pvPhKK%2FN4kpeiBSdAK%2Fgor1BW4%3D,0.217795,3682
997605135,S4A06592_20180423_002300.flac,2018 SJWA-rose-2,2018,4,23,0,23,Agelaius tricolor,Alternative Song 2,58.9333,59.3387,609,7406,12000,(not validated),https://rfcx-streams-production.s3.eu-west-1.amazonaws.com/2018/04/22/gunzylbkp5cs/c18b74ac-b250-cf2e-5978-4aea09d1a857.flac?AWSAccessKeyId=AKIA45B7YWBX7MUJ7QCX&Expires=1764564865&Signature=dyEdU%2F10teeS4ko5i2BGhR5zuLM%3D,0.231307,3682
997605136,S4A06592_20180422_225900.flac,2018 SJWA-rose-2,2018,4,22,22,59,Agelaius tricolor,Alternative Song 2,26.6667,27.072,609,7406,12000,(not validated),https://rfcx-streams-production.s3.eu-west-1.amazonaws.com/2018/04/22/gunzylbkp5cs/7c6a9c44-fc93-8a92-ff4c-3f92409cb088.flac?AWSAccessKeyId=AKIA45B7YWBX7MUJ7QCX&Expires=1764564865&Signature=csAOGMw29nkB8rLB8YyHGXDTybA%3D,0.248782,3682
997605137,S4A06592_20180423_010500.flac,2018 SJWA-rose-2,2018,4,23,1,5,Agelaius tricolor,Alternative Song 2,46.6453,47.0507,609,7406,12000,(not validated),https://rfcx-streams-production.s3.eu-west-1.amazonaws.com/2018/04/22/gunzylbkp5cs/fae08dd8-84a6-2fa6-5311-01e9b7d1f7c3.flac?AWSAccessKeyId=AKIA45B7YWBX7MUJ7QCX&Expires=1764564865&Signature=ds1P6wXCmFp%2Fg9dU%2FfS9RYpluzg%3D,0.237236,3682
997605138,S4A06592_20180423_014700.flac,2018 SJWA-rose-2,2018,4,23,1,47,Agelaius tricolor,Alternative Song 2,50.1333,50.5387,609,7406,12000,(not validated),https://rfcx-streams-production.s3.eu-west-1.amazonaws.com/2018/04/22/gunzylbkp5cs/f04a3721-4af0-b849-16c1-4fbb89414355.flac?AWSAccessKeyId=AKIA45B7YWBX7MUJ7QCX&Expires=1764564865&Signature=mzQOf1azgn6hzO3F9EtrX5l%2FRpI%3D,0.208492,3682
997605139,S4A06592_20180423_012600.flac,2018 SJWA-rose-2,2018,4,23,1,26,Agelaius tricolor,Alternative Song 2,29.0667,29.472,609,7406,12000,(not validated),https://rfcx-streams-production.s3.eu-west-1.amazonaws.com/2018/04/22/gunzylbkp5cs/aa7fc945-dd90-0149-d523-d74fafd35287.flac?AWSAccessKeyId=AKIA45B7YWBX7MUJ7QCX&Expires=1764564865&Signature=RpkC5avxVGg10rcQEupduQ8zUK0%3D,0.209475,3682
997605140,S4A06592_20180423_035300.flac,2018 SJWA-rose-2,2018,4,23,3,53,Agelaius tricolor,Alternative Song 2,39.424,39.8293,609,7406,12000,(not validated),https://rfcx-streams-production.s3.eu-west-1.amazonaws.com/2018/04/22/gunzylbkp5cs/fa15ba7f-d042-ef3b-1619-c8ce39411de4.flac?AWSAccessKeyId=AKIA45B7YWBX7MUJ7QCX&Expires=1764564865&Signature=rbSWpxcRDWixbdPjlFj%2Bcn0gJSo%3D,0.203269,3682
997605141,S4A06592_20180423_033200.flac,2018 SJWA-rose-2,2018,4,23,3,32,Agelaius tricolor,Alternative Song 2,53.4613,53.8667,609,7406,12000,(not validated),https://rfcx-streams-production.s3.eu-west-1.amazonaws.com/2018/04/22/gunzylbkp5cs/f8153b13-3fe0-a8c8-9d5a-c1f8ab63fc8d.flac?AWSAccessKeyId=AKIA45B7YWBX7MUJ7QCX&Expires=1764564865&Signature=rqEUYirwwV4qdjWCmaiz1Z7zYdk%3D,0.23328,3682
997605142,S4A06592_20180423_053800.flac,2018 SJWA-rose-2,2018,4,23,5,38,Agelaius tricolor,Alternative Song 2,23.9467,24.352,609,7406,12000,(not validated),https://rfcx-streams-production.s3.eu-west-1.amazonaws.com/2018/04/22/gunzylbkp5cs/cf1052a8-4acc-89d9-7e04-76921de1e92b.flac?AWSAccessKeyId=AKIA45B7YWBX7MUJ7QCX&Expires=1764564865&Signature=3uwTwT9o%2Fc0zfGneOVM5Ju%2F0Row%3D,0.302411,3682
997605143,S4A06592_20180423_062000.flac,2018 SJWA-rose-2,2018,4,23,6,20,Agelaius tricolor,Alternative Song 2,9.568,9.97333,609,7406,12000,(not validated),https://rfcx-streams-production.s3.eu-west-1.amazonaws.com/2018/04/22/gunzylbkp5cs/048f161b-356a-505d-36de-b090f92ac1a7.flac?AWSAccessKeyId=AKIA45B7YWBX7MUJ7QCX&Expires=1764564865&Signature=UJQjLWF7%2Bp%2FjWI8aAEIKVhfvGIA%3D,0.299028,3682
997605144,S4A06592_20180423_051700.flac,2018 SJWA-rose-2,2018,4,23,5,17,Agelaius tricolor,Alternative Song 2,9.33333,9.73867,609,7406,12000,(not validated),https://rfcx-streams-production.s3.eu-west-1.amazonaws.com/2018/04/22/gunzylbkp5cs/803f4d98-9907-1207-635d-8f541f2c5338.flac?AWSAccessKeyId=AKIA45B7YWBX7MUJ7QCX&Expires=1764564865&Signature=4KDdQrjA70BTu54109N%2Bvm%2B3lFI%3D,0.27768,3682
997605145,S4A06592_20180423_070200.flac,2018 SJWA-rose-2,2018,4,23,7,2,Agelaius tricolor,Alternative Song 2,17.8773,18.2827,609,7406,12000,(not validated),https://rfcx-streams-production.s3.eu-west-1.amazonaws.com/2018/04/23/gunzylbkp5cs/f1b5029a-e867-44e2-2c30-f9877c8025f0.flac?AWSAccessKeyId=AKIA45B7YWBX7MUJ7QCX&Expires=1764564865&Signature=eXEiQXQjXkpRL2FsCcR3Ek4hzuU%3D,0.273886,3682
997605146,S4A06592_20180423_074400.flac,2018 SJWA-rose-2,2018,4,23,7,44,Agelaius tricolor,Alternative Song 2,24.7467,25.152,609,7406,12000,(not validated),https://rfcx-streams-production.s3.eu-west-1.amazonaws.com/2018/04/23/gunzylbkp5cs/49d021d5-950f-4a2b-2e54-0c4d1c4c55ca.flac?AWSAccessKeyId=AKIA45B7YWBX7MUJ7QCX&Expires=1764564865&Signature=4DoP%2BURSwuwDFE%2FcIlpl0wh33dU%3D,0.45016,3682
997605147,S4A06592_20180423_055900.flac,2018 SJWA-rose-2,2018,4,23,5,59,Agelaius tricolor,Alternative Song 2,54.9867,55.392,609,7406,12000,(not validated),https://rfcx-streams-production.s3.eu-west-1.amazonaws.com/2018/04/22/gunzylbkp5cs/0c60df97-db9f-1ebd-5aaf-c09af2274a33.flac?AWSAccessKeyId=AKIA45B7YWBX7MUJ7QCX&Expires=1764564865&Signature=PeKFuNYfh0su5I2%2Fro5WlD3ZA1M%3D,0.278193,3682
997605148,S4A06592_20180423_064100.flac,2018 SJWA-rose-2,2018,4,23,6,41,Agelaius tricolor,Alternative Song 2,19.968,20.3733,609,7406,12000,(not validated),https://rfcx-streams-production.s3.eu-west-1.amazonaws.com/2018/04/22/gunzylbkp5cs/9b0a7a69-3c8b-a950-797c-d830bc2776eb.flac?AWSAccessKeyId=AKIA45B7YWBX7MUJ7QCX&Expires=1764564865&Signature=oakEDsa5g18fRINsS%2F79Ofa7BDI%3D,0.219404,3682
997605149,S4A06592_20180423_080500.flac,2018 SJWA-rose-2,2018,4,23,8,5,Agelaius tricolor,Alternative Song 2,47.7227,48.128,609,7406,12000,(not validated),https://rfcx-streams-production.s3.eu-west-1.amazonaws.com/2018/04/23/gunzylbkp5cs/8e711b8b-c066-0885-30f5-8bf417ef13dd.flac?AWSAccessKeyId=AKIA45B7YWBX7MUJ7QCX&Expires=1764564865&Signature=BNm0mXrNvIc%2FYbXRe%2Fwq3t3XNoM%3D,0.321,3682
997605150,S4A06592_20180423_084700.flac,2018 SJWA-rose-2,2018,4,23,8,47,Agelaius tricolor,Alternative Song 2,2.47467,2.88,609,7406,12000,(not validated),https://rfcx-streams-production.s3.eu-west-1.amazonaws.com/2018/04/23/gunzylbkp5cs/539e4aa5-f5df-b1e8-0659-d2e1e444c09c.flac?AWSAccessKeyId=AKIA45B7YWBX7MUJ7QCX&Expires=1764564865&Signature=%2B6mKMnlga%2BW7E92rZQ8HcOy2R0w%3D,0.33408,3682
997605151,S4A06592_20180423_090800.flac,2018 SJWA-rose-2,2018,4,23,9,8,Agelaius tricolor,Alternative Song 2,33.5787,33.984,609,7406,12000,(not validated),https://rfcx-streams-production.s3.eu-west-1.amazonaws.com/2018/04/23/gunzylbkp5cs/0708fda0-2bda-e9cc-0b0f-5d24103223a9.flac?AWSAccessKeyId=AKIA45B7YWBX7MUJ7QCX&Expires=1764564865&Signature=VpJzbLg5qsDTpGHYWlsw8sJA3D8%3D,0.295356,3682
997605152,S4A06592_20180423_072300.flac,2018 SJWA-rose-2,2018,4,23,7,23,Agelaius tricolor,Alternative Song 2,9.36533,9.77067,609,7406,12000,(not validated),https://rfcx-streams-production.s3.eu-west-1.amazonaws.com/2018/04/23/gunzylbkp5cs/756f112a-8fb1-0b65-b2ce-e45064e79632.flac?AWSAccessKeyId=AKIA45B7YWBX7MUJ7QCX&Expires=1764564865&Signature=%2FiQUFp66Xt04Kf%2FcMrRnlu86mwY%3D,0.280339,3682
997605153,S4A06592_20180423_095000.flac,2018 SJWA-rose-2,2018,4,23,9,50,Agelaius tricolor,Alternative Song 2,2.272,2.67733,609,7406,12000,(not validated),https://rfcx-streams-production.s3.eu-west-1.amazonaws.com/2018/04/23/gunzylbkp5cs/d77141c7-5f96-7ee9-ed6d-d896a6051b53.flac?AWSAccessKeyId=AKIA45B7YWBX7MUJ7QCX&Expires=1764564865&Signature=9qZzGPwy5KJ%2FEunRAncEUcAjJc0%3D,0.314916,3682
997605154,S4A06592_20180423_092900.flac,2018 SJWA-rose-2,2018,4,23,9,29,Agelaius tricolor,Alternative Song 2,24.2987,24.704,609,7406,12000,(not validated),https://rfcx-streams-production.s3.eu-west-1.amazonaws.com/2018/04/23/gunzylbkp5cs/d24a17e4-c76a-b9f4-c59d-027cf9b93469.flac?AWSAccessKeyId=AKIA45B7YWBX7MUJ7QCX&Expires=1764564865&Signature=4CoNTPHLHvQs3wLo1RKrpmYxAZk%3D,0.265215,3682
997605155,S4A06592_20180423_082600.flac,2018 SJWA-rose-2,2018,4,23,8,26,Agelaius tricolor,Alternative Song 2,39.3387,39.744,609,7406,12000,(not validated),https://rfcx-streams-production.s3.eu-west-1.amazonaws.com/2018/04/23/gunzylbkp5cs/e05becba-7e5e-b70d-b97e-4cf0522c88bb.flac?AWSAccessKeyId=AKIA45B7YWBX7MUJ7QCX&Expires=1764564865&Signature=wEhErWqm5OsayshHtRE9jQD%2BS%2FI%3D,0.290767,3682
997605156,S4A06592_20180423_103200.flac,2018 SJWA-rose-2,2018,4,23,10,32,Agelaius tricolor,Alternative Song 2,26.1013,26.5067,609,7406,12000,(not validated),https://rfcx-streams-production.s3.eu-west-1.amazonaws.com/2018/04/23/gunzylbkp5cs/1ae3dd1d-64f5-acb6-6f35-781d32422f04.flac?AWSAccessKeyId=AKIA45B7YWBX7MUJ7QCX&Expires=1764564865&Signature=XHgkO702UMqh4Fpzf4YYA8yJy0g%3D,0.270936,3682
997605157,S4A06592_20180423_101100.flac,2018 SJWA-rose-2,2018,4,23,10,11,Agelaius tricolor,Alternative Song 2,6.912,7.31733,609,7406,12000,(not validated),https://rfcx-streams-production.s3.eu-west-1.amazonaws.com/2018/04/23/gunzylbkp5cs/f8513b6c-4e42-c017-e76f-ea08833e8d63.flac?AWSAccessKeyId=AKIA45B7YWBX7MUJ7QCX&Expires=1764564865&Signature=oMrX5TxVtSVHJyz%2BRE4ME7JBays%3D,0.22717,3682
997605158,S4A06592_20180423_111400.flac,2018 SJWA-rose-2,2018,4,23,11,14,Agelaius tricolor,Alternative Song 2,20.544,20.9493,609,7406,12000,(not validated),https://rfcx-streams-production.s3.eu-west-1.amazonaws.com/2018/04/23/gunzylbkp5cs/edda1d7a-74fb-3910-1837-0b35d29974cc.flac?AWSAccessKeyId=AKIA45B7YWBX7MUJ7QCX&Expires=1764564865&Signature=3axbDUkpivW%2FYKAl29tmEwJoTWg%3D,0.333986,3682
997605159,S4A06592_20180423_113500.flac,2018 SJWA-rose-2,2018,4,23,11,35,Agelaius tricolor,Alternative Song 2,27.9573,28.3627,609,7406,12000,(not validated),https://rfcx-streams-production.s3.eu-west-1.amazonaws.com/2018/04/23/gunzylbkp5cs/6d757226-a7aa-88df-939c-55cf94c9fca0.flac?AWSAccessKeyId=AKIA45B7YWBX7MUJ7QCX&Expires=1764564865&Signature=M5BpCV45itgtEPTtAy1mhZSwr0Y%3D,0.320058,3682
997605160,S4A06592_20180423_115600.flac,2018 SJWA-rose-2,2018,4,23,11,56,Agelaius tricolor,Alternative Song 2,53.9413,54.3467,609,7406,12000,(not validated),https://rfcx-streams-production.s3.eu-west-1.amazonaws.com/2018/04/23/gunzylbkp5cs/fd6de535-2722-031d-6c85-331d11a64ef2.flac?AWSAccessKeyId=AKIA45B7YWBX7MUJ7QCX&Expires=1764564865&Signature=3Jt0Qm3D2ahUH%2B4Wvo2s4wLZBR4%3D,0.304823,3682
997605161,S4A06592_20180423_123800.flac,2018 SJWA-rose-2,2018,4,23,12,38,Agelaius tricolor,Alternative Song 2,53.0773,53.4827,609,7406,12000,(not validated),https://rfcx-streams-production.s3.eu-west-1.amazonaws.com/2018/04/23/gunzylbkp5cs/3f82e6e5-9fc7-a865-2c9b-81d7fcf7ab3e.flac?AWSAccessKeyId=AKIA45B7YWBX7MUJ7QCX&Expires=1764564865&Signature=iO2RJTLS9%2B%2Bg1G6YyuzMGWdyYHE%3D,0.368384,3682
997605162,S4A06592_20180423_132000.flac,2018 SJWA-rose-2,2018,4,23,13,20,Agelaius tricolor,Alternative Song 2,27.488,27.8933,609,7406,12000,(not validated),https://rfcx-streams-production.s3.eu-west-1.amazonaws.com/2018/04/23/gunzylbkp5cs/8e2bbd02-3b46-21a7-c29a-b134e0fce5b9.flac?AWSAccessKeyId=AKIA45B7YWBX7MUJ7QCX&Expires=1764564865&Signature=s5yZRawofeGBrkC3DJxJ0DHyJIA%3D,0.216704,3682
997605163,S4A06592_20180423_105300.flac,2018 SJWA-rose-2,2018,4,23,10,53,Agelaius tricolor,Alternative Song 2,0.170667,0.576,609,7406,12000,(not validated),https://rfcx-streams-production.s3.eu-west-1.amazonaws.com/2018/04/23/gunzylbkp5cs/1a55a2e1-41ba-6f5f-c3c3-f3ca640750ae.flac?AWSAccessKeyId=AKIA45B7YWBX7MUJ7QCX&Expires=1764564865&Signature=06QLheLxl0qNxPh4JSQKlFv3w78%3D,0.364476,3682
997605164,S4A06592_20180423_150500.flac,2018 SJWA-rose-2,2018,4,23,15,5,Agelaius tricolor,Alternative Song 2,38.912,39.3173,609,7406,12000,(not validated),https://rfcx-streams-production.s3.eu-west-1.amazonaws.com/2018/04/23/gunzylbkp5cs/baa8eefe-3902-e87b-7ff9-2f6f62555b4b.flac?AWSAccessKeyId=AKIA45B7YWBX7MUJ7QCX&Expires=1764564865&Signature=CtFOJeHNyGNLlSyZSXAyBTdOlas%3D,0.209236,3682
997605165,S4A06592_20180423_140200.flac,2018 SJWA-rose-2,2018,4,23,14,2,Agelaius tricolor,Alternative Song 2,12.896,13.3013,609,7406,12000,(not validated),https://rfcx-streams-production.s3.eu-west-1.amazonaws.com/2018/04/23/gunzylbkp5cs/a7a6554c-9d49-e5c6-19e7-cb3d88dcc8a4.flac?AWSAccessKeyId=AKIA45B7YWBX7MUJ7QCX&Expires=1764564865&Signature=tS4cz3n315es01C%2FxYb59Itxe1I%3D,0.272921,3682
997605166,S4A06592_20180423_154700.flac,2018 SJWA-rose-2,2018,4,23,15,47,Agelaius tricolor,Alternative Song 2,7.62667,8.032,609,7406,12000,(not validated),https://rfcx-streams-production.s3.eu-west-1.amazonaws.com/2018/04/23/gunzylbkp5cs/fba19009-3dbd-07e0-7c70-7e6333cd7501.flac?AWSAccessKeyId=AKIA45B7YWBX7MUJ7QCX&Expires=1764564865&Signature=RAd9RonCcQBYXtw%2FPm9xKuyYS1c%3D,0.230755,3682
997605167,S4A06592_20180423_182600.flac,2018 SJWA-rose-2,2018,4,23,18,26,Agelaius tricolor,Alternative Song 2,50.9653,51.3707,609,7406,12000,(not validated),https://rfcx-streams-production.s3.eu-west-1.amazonaws.com/2018/04/23/gunzylbkp5cs/f1133357-d163-dd44-db51-b10dc490ef11.flac?AWSAccessKeyId=AKIA45B7YWBX7MUJ7QCX&Expires=1764564865&Signature=%2Fi5hqG5j62WBEHD6R3Kl9v0DHDw%3D,0.225237,3682
997605168,S4A06592_20180423_192900.flac,2018 SJWA-rose-2,2018,4,23,19,29,Agelaius tricolor,Alternative Song 2,38.4533,38.8587,609,7406,12000,(not validated),https://rfcx-streams-production.s3.eu-west-1.amazonaws.com/2018/04/23/gunzylbkp5cs/2a94eb49-54e1-9d69-9ff6-995b9b1d2dd8.flac?AWSAccessKeyId=AKIA45B7YWBX7MUJ7QCX&Expires=1764564865&Signature=AoyxowjvoulxC7dApg6NQu8L8ow%3D,0.266786,3682
997605169,S4A06592_20180423_195000.flac,2018 SJWA-rose-2,2018,4,23,19,50,Agelaius tricolor,Alternative Song 2,41.7813,42.1867,609,7406,12000,(not validated),https://rfcx-streams-production.s3.eu-west-1.amazonaws.com/2018/04/23/gunzylbkp5cs/77334a14-c78c-31df-f6d5-1e5478695e98.flac?AWSAccessKeyId=AKIA45B7YWBX7MUJ7QCX&Expires=1764564865&Signature=DCWkjRBwtke%2FvwnF%2Fmvg2M9HOms%3D,0.228632,3682
997605170,S4A06592_20180423_155900.flac,2018 SJWA-rose-2,2018,4,23,15,59,Agelaius tricolor,Alternative Song 2,22.048,22.4533,609,7406,12000,(not validated),https://rfcx-streams-production.s3.eu-west-1.amazonaws.com/2018/04/23/gunzylbkp5cs/1f8ed34b-aebb-cd3d-281b-f94e0578d517.flac?AWSAccessKeyId=AKIA45B7YWBX7MUJ7QCX&Expires=1764564865&Signature=ku4hrqU0z6haej4qLxeKhyb5nAI%3D,0.210693,3682
997605171,S4A06592_20180424_010500.flac,2018 SJWA-rose-2,2018,4,24,1,5,Agelaius tricolor,Alternative Song 2,58.5067,58.912,609,7406,12000,(not validated),https://rfcx-streams-production.s3.eu-west-1.amazonaws.com/2018/04/23/gunzylbkp5cs/c5354217-ad55-b4c8-a920-6d46b9781841.flac?AWSAccessKeyId=AKIA45B7YWBX7MUJ7QCX&Expires=1764564865&Signature=w%2Bp1rW%2BNnDXmTtOKIPtueW01gzY%3D,0.209385,3682
997605172,S4A06592_20180415_172300.flac,2018 SJWA-rose-2,2018,4,15,17,23,Agelaius tricolor,Alternative Song 2,25.3227,25.728,609,7406,12000,(not validated),https://rfcx-streams-production.s3.eu-west-1.amazonaws.com/2018/04/15/gunzylbkp5cs/85fe1862-7efb-3c38-9302-7f5c2be26b24.flac?AWSAccessKeyId=AKIA45B7YWBX7MUJ7QCX&Expires=1764564865&Signature=X39nLjJKXxEREL9mjRmgUendu1o%3D,0.220765,3682
997605173,S4A06592_20180415_170200.flac,2018 SJWA-rose-2,2018,4,15,17,2,Agelaius tricolor,Alternative Song 2,22.528,22.9333,609,7406,12000,present,https://rfcx-streams-production.s3.eu-west-1.amazonaws.com/2018/04/15/gunzylbkp5cs/964fb9cf-a7e8-2345-6c45-4033673164ce.flac?AWSAccessKeyId=AKIA45B7YWBX7MUJ7QCX&Expires=1764564865&Signature=11MXQC6K9LrPCrE7Ef1f4ZG%2BS9Q%3D,0.212923,3682
997605174,S4A06592_20180415_180500.flac,2018 SJWA-rose-2,2018,4,15,18,5,Agelaius tricolor,Alternative Song 2,43.104,43.5093,609,7406,12000,(not validated),https://rfcx-streams-production.s3.eu-west-1.amazonaws.com/2018/04/15/gunzylbkp5cs/e803f846-7045-b2de-429f-194d51c6e67a.flac?AWSAccessKeyId=AKIA45B7YWBX7MUJ7QCX&Expires=1764564865&Signature=K95L%2FxQ1cMBNBYfUb74Y7lnCsZ0%3D,0.20703,3682
997605175,S4A06592_20180415_184700.flac,2018 SJWA-rose-2,2018,4,15,18,47,Agelaius tricolor,Alternative Song 2,55.4027,55.808,609,7406,12000,present,https://rfcx-streams-production.s3.eu-west-1.amazonaws.com/2018/04/15/gunzylbkp5cs/cca5d3bb-128b-d625-090c-f7fc26558329.flac?AWSAccessKeyId=AKIA45B7YWBX7MUJ7QCX&Expires=1764564865&Signature=mCEQ8bZZHu9LFpSzDNSM8Xq%2BdtI%3D,0.236869,3682
997605176,S4A06592_20180415_123800.flac,2018 SJWA-rose-2,2018,4,15,12,38,Agelaius tricolor,Alternative Song 2,10.9867,11.392,609,7406,12000,(not validated),https://rfcx-streams-production.s3.eu-west-1.amazonaws.com/2018/04/15/gunzylbkp5cs/bd4c4fc5-6551-89cb-edd9-13a37b3b33f3.flac?AWSAccessKeyId=AKIA45B7YWBX7MUJ7QCX&Expires=1764564865&Signature=dnOlZavMO3RgaKuCgCKB0ZFxqH0%3D,0.21601,3682
997605177,S4A06592_20180415_192900.flac,2018 SJWA-rose-2,2018,4,15,19,29,Agelaius tricolor,Alternative Song 2,29.792,30.1973,609,7406,12000,(not validated),https://rfcx-streams-production.s3.eu-west-1.amazonaws.com/2018/04/15/gunzylbkp5cs/fa056c81-9fa3-9850-1194-51baf20b9426.flac?AWSAccessKeyId=AKIA45B7YWBX7MUJ7QCX&Expires=1764564865&Signature=IJLScF3dZjz2MULnTaK%2BwKlYufk%3D,0.212777,3682
997605178,S4A06592_20180415_195000.flac,2018 SJWA-rose-2,2018,4,15,19,50,Agelaius tricolor,Alternative Song 2,30.3787,30.784,609,7406,12000,(not validated),https://rfcx-streams-production.s3.eu-west-1.amazonaws.com/2018/04/15/gunzylbkp5cs/728f1630-b735-729e-ba94-2024b157b8dd.flac?AWSAccessKeyId=AKIA45B7YWBX7MUJ7QCX&Expires=1764564865&Signature=q38Jctpm8qXjzx6zP7W3CB7WkrU%3D,0.211429,3682
997605179,S4A06592_20180415_215600.flac,2018 SJWA-rose-2,2018,4,15,21,56,Agelaius tricolor,Alternative Song 2,28.2133,28.6187,609,7406,12000,(not validated),https://rfcx-streams-production.s3.eu-west-1.amazonaws.com/2018/04/15/gunzylbkp5cs/07ce257e-1ea3-6e50-b277-cbc0c65f22b5.flac?AWSAccessKeyId=AKIA45B7YWBX7MUJ7QCX&Expires=1764564865&Signature=MqOFvhT%2FR9kERBDgl8aYBzDPNhc%3D,0.274767,3682
997605180,S4A06592_20180415_211400.flac,2018 SJWA-rose-2,2018,4,15,21,14,Agelaius tricolor,Alternative Song 2,39.7973,40.2027,609,7406,12000,(not validated),https://rfcx-streams-production.s3.eu-west-1.amazonaws.com/2018/04/15/gunzylbkp5cs/16cfd6e6-ada8-ab4c-5d83-7c50cae584c8.flac?AWSAccessKeyId=AKIA45B7YWBX7MUJ7QCX&Expires=1764564865&Signature=bx57%2F6ZjOIkQg2hORjq%2BtD%2BUUxs%3D,0.222984,3682
997605181,S4A06592_20180415_223800.flac,2018 SJWA-rose-2,2018,4,15,22,38,Agelaius tricolor,Alternative Song 2,20.992,21.3973,609,7406,12000,(not validated),https://rfcx-streams-production.s3.eu-west-1.amazonaws.com/2018/04/15/gunzylbkp5cs/494ec4bb-4e6f-7953-4707-98669ccbeedc.flac?AWSAccessKeyId=AKIA45B7YWBX7MUJ7QCX&Expires=1764564865&Signature=M5vA9jR3RrsKa4wpG7zPrHoi%2BNE%3D,0.294948,3682
997605182,S4A06592_20180416_000200.flac,2018 SJWA-rose-2,2018,4,16,0,2,Agelaius tricolor,Alternative Song 2,2.18667,2.592,609,7406,12000,(not validated),https://rfcx-streams-production.s3.eu-west-1.amazonaws.com/2018/04/15/gunzylbkp5cs/792881f8-ae01-680e-a8bc-dad94b18e5e1.flac?AWSAccessKeyId=AKIA45B7YWBX7MUJ7QCX&Expires=1764564865&Signature=bm%2FAfKR%2BkemJAxSYlP%2BzDn2PPqE%3D,0.285751,3682
997605183,S4A06592_20180416_010500.flac,2018 SJWA-rose-2,2018,4,16,1,5,Agelaius tricolor,Alternative Song 2,47.2533,47.6587,609,7406,12000,(not validated),https://rfcx-streams-production.s3.eu-west-1.amazonaws.com/2018/04/15/gunzylbkp5cs/e252fe90-9dec-66e1-fc2c-6ac35fe00fc8.flac?AWSAccessKeyId=AKIA45B7YWBX7MUJ7QCX&Expires=1764564865&Signature=nP%2BAiKCvZla7QqgJgT9suDszcYo%3D,0.273955,3682
997605184,S4A06592_20180416_004400.flac,2018 SJWA-rose-2,2018,4,16,0,44,Agelaius tricolor,Alternative Song 2,47.7333,48.1387,609,7406,12000,(not validated),https://rfcx-streams-production.s3.eu-west-1.amazonaws.com/2018/04/15/gunzylbkp5cs/a7dafb8c-4005-fdb8-cb51-6ca124aa4977.flac?AWSAccessKeyId=AKIA45B7YWBX7MUJ7QCX&Expires=1764564865&Signature=sZvSwt0VlHtYTTn%2FFJATnJtdkY8%3D,0.258173,3682
997605185,S4A06592_20180416_014700.flac,2018 SJWA-rose-2,2018,4,16,1,47,Agelaius tricolor,Alternative Song 2,33.2587,33.664,609,7406,12000,(not validated),https://rfcx-streams-production.s3.eu-west-1.amazonaws.com/2018/04/15/gunzylbkp5cs/31424b68-497e-dc71-daf9-b170e56259b0.flac?AWSAccessKeyId=AKIA45B7YWBX7MUJ7QCX&Expires=1764564865&Signature=pXSeFaY8Oe81BSj8N78cnrXdgQg%3D,0.265886,3682
997605186,S4A06592_20180416_020800.flac,2018 SJWA-rose-2,2018,4,16,2,8,Agelaius tricolor,Alternative Song 2,26.6453,27.0507,609,7406,12000,(not validated),https://rfcx-streams-production.s3.eu-west-1.amazonaws.com/2018/04/15/gunzylbkp5cs/60880da7-4edb-cf21-1a63-e6246bc73f8e.flac?AWSAccessKeyId=AKIA45B7YWBX7MUJ7QCX&Expires=1764564865&Signature=59zI0t2L7l1rNwX70MKXsuU9NDA%3D,0.306832,3682
997605187,S4A06592_20180416_012600.flac,2018 SJWA-rose-2,2018,4,16,1,26,Agelaius tricolor,Alternative Song 2,2.464,2.86933,609,7406,12000,(not validated),https://rfcx-streams-production.s3.eu-west-1.amazonaws.com/2018/04/15/gunzylbkp5cs/96f115a5-6778-3165-c981-988b479d2e71.flac?AWSAccessKeyId=AKIA45B7YWBX7MUJ7QCX&Expires=1764564865&Signature=3OMSye2dQCvmX4xIx%2BG%2Bl0WwbGE%3D,0.253321,3682
997605188,S4A06592_20180416_033200.flac,2018 SJWA-rose-2,2018,4,16,3,32,Agelaius tricolor,Alternative Song 2,16.128,16.5333,609,7406,12000,(not validated),https://rfcx-streams-production.s3.eu-west-1.amazonaws.com/2018/04/15/gunzylbkp5cs/89613e4e-1d4c-90c3-20dd-4b1a8ebf60aa.flac?AWSAccessKeyId=AKIA45B7YWBX7MUJ7QCX&Expires=1764564865&Signature=uF0%2Foq9JhUvPbxhvbbFOKnvXjnw%3D,0.256548,3682
997605189,S4A06592_20180416_031100.flac,2018 SJWA-rose-2,2018,4,16,3,11,Agelaius tricolor,Alternative Song 2,57.0667,57.472,609,7406,12000,(not validated),https://rfcx-streams-production.s3.eu-west-1.amazonaws.com/2018/04/15/gunzylbkp5cs/6170f8d5-b421-a60d-67db-53795c06831e.flac?AWSAccessKeyId=AKIA45B7YWBX7MUJ7QCX&Expires=1764564865&Signature=A7TmZXoeUwXwL9Gk5FWqeFllz2E%3D,0.33916,3682
997605190,S4A06592_20180416_035300.flac,2018 SJWA-rose-2,2018,4,16,3,53,Agelaius tricolor,Alternative Song 2,1.70667,2.112,609,7406,12000,(not validated),https://rfcx-streams-production.s3.eu-west-1.amazonaws.com/2018/04/15/gunzylbkp5cs/4108c229-f5c6-771d-a35e-be543bcbe952.flac?AWSAccessKeyId=AKIA45B7YWBX7MUJ7QCX&Expires=1764564865&Signature=nyvK46wHoZ6HgeUbMCbzyNwMgHg%3D,0.277148,3682
997605191,S4A06592_20180416_025000.flac,2018 SJWA-rose-2,2018,4,16,2,50,Agelaius tricolor,Alternative Song 2,46.1013,46.5067,609,7406,12000,(not validated),https://rfcx-streams-production.s3.eu-west-1.amazonaws.com/2018/04/15/gunzylbkp5cs/5e133f0d-a730-1bf0-a8ff-e593d5abec9f.flac?AWSAccessKeyId=AKIA45B7YWBX7MUJ7QCX&Expires=1764564865&Signature=BYa2JI%2Fjbt%2Bnf7p3r9RRSvRWXWc%3D,0.236337,3682
997605192,S4A06592_20180416_022900.flac,2018 SJWA-rose-2,2018,4,16,2,29,Agelaius tricolor,Alternative Song 2,23.968,24.3733,609,7406,12000,(not validated),https://rfcx-streams-production.s3.eu-west-1.amazonaws.com/2018/04/15/gunzylbkp5cs/b4ee8c14-379d-b499-81eb-d8ff9a7ccc26.flac?AWSAccessKeyId=AKIA45B7YWBX7MUJ7QCX&Expires=1764564865&Signature=nhroAby%2F7UKtHAdBT%2F2iI58Herg%3D,0.312393,3682
997605193,S4A06592_20180416_045600.flac,2018 SJWA-rose-2,2018,4,16,4,56,Agelaius tricolor,Alternative Song 2,36.6293,37.0347,609,7406,12000,(not validated),https://rfcx-streams-production.s3.eu-west-1.amazonaws.com/2018/04/15/gunzylbkp5cs/10bd1f2b-47bf-5c97-f1dd-4d9ca20edf6c.flac?AWSAccessKeyId=AKIA45B7YWBX7MUJ7QCX&Expires=1764564865&Signature=E0M0Nfd8cIrjlVsrAGymYqpDcc4%3D,0.300101,3682
997605194,S4A06592_20180416_053800.flac,2018 SJWA-rose-2,2018,4,16,5,38,Agelaius tricolor,Alternative Song 2,16.1813,16.5867,609,7406,12000,(not validated),https://rfcx-streams-production.s3.eu-west-1.amazonaws.com/2018/04/15/gunzylbkp5cs/ae1cd7e1-414b-7c82-90f4-159b0d698935.flac?AWSAccessKeyId=AKIA45B7YWBX7MUJ7QCX&Expires=1764564865&Signature=uPnqMpoIlFek9r%2FyxzFVtFu0UOQ%3D,0.229887,3682
997605195,S4A06592_20180416_043500.flac,2018 SJWA-rose-2,2018,4,16,4,35,Agelaius tricolor,Alternative Song 2,50.1547,50.56,609,7406,12000,(not validated),https://rfcx-streams-production.s3.eu-west-1.amazonaws.com/2018/04/15/gunzylbkp5cs/e01d1010-d27e-20b0-d55b-065906525bf1.flac?AWSAccessKeyId=AKIA45B7YWBX7MUJ7QCX&Expires=1764564865&Signature=LJW3tPuhOFC9O5VLDPhRvL7A3nQ%3D,0.219876,3682
997605196,S4A06592_20180416_062000.flac,2018 SJWA-rose-2,2018,4,16,6,20,Agelaius tricolor,Alternative Song 2,24.4907,24.896,609,7406,12000,(not validated),https://rfcx-streams-production.s3.eu-west-1.amazonaws.com/2018/04/15/gunzylbkp5cs/62f4c19f-3c1c-d87d-1a51-69a6a65ff5d8.flac?AWSAccessKeyId=AKIA45B7YWBX7MUJ7QCX&Expires=1764564865&Signature=pIwoVn3wy9mOJ7Tx6qzbAb3F3Ow%3D,0.208665,3682
997605197,S4A06592_20180416_064100.flac,2018 SJWA-rose-2,2018,4,16,6,41,Agelaius tricolor,Alternative Song 2,17.568,17.9733,609,7406,12000,(not validated),https://rfcx-streams-production.s3.eu-west-1.amazonaws.com/2018/04/15/gunzylbkp5cs/48f132be-f5dc-ddb9-e6a6-e08ace3ba036.flac?AWSAccessKeyId=AKIA45B7YWBX7MUJ7QCX&Expires=1764564865&Signature=V8VLanDZGdHBvX%2Bc0d1j2z%2FM6XU%3D,0.233551,3682
997605198,S4A06592_20180416_072300.flac,2018 SJWA-rose-2,2018,4,16,7,23,Agelaius tricolor,Alternative Song 2,31.5733,31.9787,609,7406,12000,(not validated),https://rfcx-streams-production.s3.eu-west-1.amazonaws.com/2018/04/16/gunzylbkp5cs/5bbe178b-4d3e-1d3a-66ea-2d4965b68659.flac?AWSAccessKeyId=AKIA45B7YWBX7MUJ7QCX&Expires=1764564865&Signature=73ZbGibSCD%2Bm%2BRkrSwRYC2qpNms%3D,0.210194,3682
997605199,S4A06592_20180416_084700.flac,2018 SJWA-rose-2,2018,4,16,8,47,Agelaius tricolor,Alternative Song 2,59.4027,59.808,609,7406,12000,(not validated),https://rfcx-streams-production.s3.eu-west-1.amazonaws.com/2018/04/16/gunzylbkp5cs/aab8ff87-3a3d-7edf-07f5-a9845c14f34f.flac?AWSAccessKeyId=AKIA45B7YWBX7MUJ7QCX&Expires=1764564865&Signature=IGXswKBBDGLqowg1g2bx9c3mSI4%3D,0.203359,3682
997605200,S4A06592_20180416_092900.flac,2018 SJWA-rose-2,2018,4,16,9,29,Agelaius tricolor,Alternative Song 2,34.112,34.5173,609,7406,12000,present,https://rfcx-streams-production.s3.eu-west-1.amazonaws.com/2018/04/16/gunzylbkp5cs/5840d32b-ea44-dfd7-d02d-2d3d73024951.flac?AWSAccessKeyId=AKIA45B7YWBX7MUJ7QCX&Expires=1764564865&Signature=qqNW8vs%2BsTNFaZYycUv15NHEoC0%3D,0.20964,3682
997605201,S4A06592_20180416_074400.flac,2018 SJWA-rose-2,2018,4,16,7,44,Agelaius tricolor,Alternative Song 2,22.1227,22.528,609,7406,12000,(not validated),https://rfcx-streams-production.s3.eu-west-1.amazonaws.com/2018/04/16/gunzylbkp5cs/c4833587-f159-a460-6d39-11fa14febad2.flac?AWSAccessKeyId=AKIA45B7YWBX7MUJ7QCX&Expires=1764564865&Signature=okicPGq1syQVBZIqNf0je39VFe0%3D,0.207396,3682
997605202,S4A06592_20180416_095000.flac,2018 SJWA-rose-2,2018,4,16,9,50,Agelaius tricolor,Alternative Song 2,53.184,53.5893,609,7406,12000,(not validated),https://rfcx-streams-production.s3.eu-west-1.amazonaws.com/2018/04/16/gunzylbkp5cs/6f9fd6c6-6785-95ab-096b-77b49b9cda0a.flac?AWSAccessKeyId=AKIA45B7YWBX7MUJ7QCX&Expires=1764564865&Signature=VTjLYBqb0yCOK5ZQJk5gdf5GeS8%3D,0.208173,3682
997605203,S4A06592_20180416_101100.flac,2018 SJWA-rose-2,2018,4,16,10,11,Agelaius tricolor,Alternative Song 2,24.3627,24.768,609,7406,12000,present,https://rfcx-streams-production.s3.eu-west-1.amazonaws.com/2018/04/16/gunzylbkp5cs/61808e55-0453-afa9-8c20-68f204ec0b50.flac?AWSAccessKeyId=AKIA45B7YWBX7MUJ7QCX&Expires=1764564865&Signature=NkKC65okbNIWIcIprR3ULk4yqew%3D,0.247014,3682
997605204,S4A06592_20180416_111400.flac,2018 SJWA-rose-2,2018,4,16,11,14,Agelaius tricolor,Alternative Song 2,51.2107,51.616,609,7406,12000,(not validated),https://rfcx-streams-production.s3.eu-west-1.amazonaws.com/2018/04/16/gunzylbkp5cs/bbc03f5d-39b4-7a4b-dfb5-8826ed2035ae.flac?AWSAccessKeyId=AKIA45B7YWBX7MUJ7QCX&Expires=1764564865&Signature=GCWKfnaKv0wIi1xbfpv%2F5ZL%2FsLc%3D,0.256266,3682
997605205,S4A06592_20180416_105300.flac,2018 SJWA-rose-2,2018,4,16,10,53,Agelaius tricolor,Alternative Song 2,36.128,36.5333,609,7406,12000,present,https://rfcx-streams-production.s3.eu-west-1.amazonaws.com/2018/04/16/gunzylbkp5cs/a5acc584-5579-0c27-838e-e878c5f0d3b4.flac?AWSAccessKeyId=AKIA45B7YWBX7MUJ7QCX&Expires=1764564865&Signature=Dc0SSugTVRclPOqqo229CkA5UO0%3D,0.235453,3682
997605206,S4A06592_20180416_115600.flac,2018 SJWA-rose-2,2018,4,16,11,56,Agelaius tricolor,Alternative Song 2,11.7867,12.192,609,7406,12000,(not validated),https://rfcx-streams-production.s3.eu-west-1.amazonaws.com/2018/04/16/gunzylbkp5cs/2cb34ade-7568-7b86-9717-943f8a0aca82.flac?AWSAccessKeyId=AKIA45B7YWBX7MUJ7QCX&Expires=1764564865&Signature=U%2FTAiai4zxpUpwZWp84GEc7qBA0%3D,0.246988,3682
997605207,S4A06592_20180416_113500.flac,2018 SJWA-rose-2,2018,4,16,11,35,Agelaius tricolor,Alternative Song 2,8.14933,8.55467,609,7406,12000,(not validated),https://rfcx-streams-production.s3.eu-west-1.amazonaws.com/2018/04/16/gunzylbkp5cs/809a07ee-6fb2-a106-81b9-c1201a488278.flac?AWSAccessKeyId=AKIA45B7YWBX7MUJ7QCX&Expires=1764564865&Signature=Ys2iYdUIQ9nYmqKre01DSUuxA18%3D,0.250217,3682
997605208,S4A06592_20180416_132000.flac,2018 SJWA-rose-2,2018,4,16,13,20,Agelaius tricolor,Alternative Song 2,22.304,22.7093,609,7406,12000,(not validated),https://rfcx-streams-production.s3.eu-west-1.amazonaws.com/2018/04/16/gunzylbkp5cs/4f034e1e-277b-922d-118b-2ddd1f22881c.flac?AWSAccessKeyId=AKIA45B7YWBX7MUJ7QCX&Expires=1764564865&Signature=EIDVrcj5IVZGLG%2Bh%2BGlRIuvpnGE%3D,0.249693,3682
997605209,S4A06592_20180416_134100.flac,2018 SJWA-rose-2,2018,4,16,13,41,Agelaius tricolor,Alternative Song 2,7.78667,8.192,609,7406,12000,(not validated),https://rfcx-streams-production.s3.eu-west-1.amazonaws.com/2018/04/16/gunzylbkp5cs/e2903e8c-650c-a0c2-5b7e-ac81218a3f5a.flac?AWSAccessKeyId=AKIA45B7YWBX7MUJ7QCX&Expires=1764564865&Signature=ijqGE8y5cb9GqLjXaQzGPCX8TpQ%3D,0.29909,3682
997605210,S4A06592_20180416_142300.flac,2018 SJWA-rose-2,2018,4,16,14,23,Agelaius tricolor,Alternative Song 2,3.56267,3.968,609,7406,12000,(not validated),https://rfcx-streams-production.s3.eu-west-1.amazonaws.com/2018/04/16/gunzylbkp5cs/1a9a6669-f6fe-7587-427b-e88eb28b061d.flac?AWSAccessKeyId=AKIA45B7YWBX7MUJ7QCX&Expires=1764564865&Signature=ooLytKQMpDzkz%2B44cHeNqwLgpaU%3D,0.267803,3682
997605211,S4A06592_20180416_162000.flac,2018 SJWA-rose-2,2018,4,16,16,20,Agelaius tricolor,Alternative Song 2,3.872,4.27733,609,7406,12000,(not validated),https://rfcx-streams-production.s3.eu-west-1.amazonaws.com/2018/04/16/gunzylbkp5cs/8363c678-fb29-1b17-8813-5d66df1f2afa.flac?AWSAccessKeyId=AKIA45B7YWBX7MUJ7QCX&Expires=1764564865&Signature=lMFuxuorPfnC8buos9ODYORZlfo%3D,0.201583,3682
997605212,S4A06592_20180416_152600.flac,2018 SJWA-rose-2,2018,4,16,15,26,Agelaius tricolor,Alternative Song 2,18.6133,19.0187,609,7406,12000,(not validated),https://rfcx-streams-production.s3.eu-west-1.amazonaws.com/2018/04/16/gunzylbkp5cs/189f3a13-3ef3-64c6-b51c-a3a0938be9f0.flac?AWSAccessKeyId=AKIA45B7YWBX7MUJ7QCX&Expires=1764564865&Signature=rjiFTYmQ7zFtP39u6h4gh4zh0hY%3D,0.227284,3682
997605213,S4A06592_20180416_154700.flac,2018 SJWA-rose-2,2018,4,16,15,47,Agelaius tricolor,Alternative Song 2,37.536,37.9413,609,7406,12000,(not validated),https://rfcx-streams-production.s3.eu-west-1.amazonaws.com/2018/04/16/gunzylbkp5cs/77ec5f3f-0bb0-e525-85b7-d7c231028828.flac?AWSAccessKeyId=AKIA45B7YWBX7MUJ7QCX&Expires=1764564865&Signature=jI%2Btsq9XDUUrlhNUEuDFgW49Wt8%3D,0.20443,3682
997605214,S4A06592_20180416_174400.flac,2018 SJWA-rose-2,2018,4,16,17,44,Agelaius tricolor,Alternative Song 2,45.7173,46.1227,609,7406,12000,(not validated),https://rfcx-streams-production.s3.eu-west-1.amazonaws.com/2018/04/16/gunzylbkp5cs/1a5149f6-2e22-2369-38b8-16d2133af769.flac?AWSAccessKeyId=AKIA45B7YWBX7MUJ7QCX&Expires=1764564865&Signature=yu%2F0vp7g1pu%2FAcLc5Ftb5VE0ty0%3D,0.242468,3682
997605215,S4A06592_20180416_182600.flac,2018 SJWA-rose-2,2018,4,16,18,26,Agelaius tricolor,Alternative Song 2,13.856,14.2613,609,7406,12000,(not validated),https://rfcx-streams-production.s3.eu-west-1.amazonaws.com/2018/04/16/gunzylbkp5cs/4279f2db-cea1-dc9a-6013-63d33718b589.flac?AWSAccessKeyId=AKIA45B7YWBX7MUJ7QCX&Expires=1764564865&Signature=z85Aq1x%2BXM6K7%2Fi%2B98EvR5peAqY%3D,0.221583,3682
997605216,S4A06592_20180416_184700.flac,2018 SJWA-rose-2,2018,4,16,18,47,Agelaius tricolor,Alternative Song 2,58.4747,58.88,609,7406,12000,(not validated),https://rfcx-streams-production.s3.eu-west-1.amazonaws.com/2018/04/16/gunzylbkp5cs/66d7bf00-bfce-4a60-2bee-d27fcc8efc5d.flac?AWSAccessKeyId=AKIA45B7YWBX7MUJ7QCX&Expires=1764564865&Signature=mZ%2Fmw3em7YvoMpMq%2FmRrQmrhlks%3D,0.241958,3682
997605217,S4A06592_20180416_190800.flac,2018 SJWA-rose-2,2018,4,16,19,8,Agelaius tricolor,Alternative Song 2,23.072,23.4773,609,7406,12000,(not validated),https://rfcx-streams-production.s3.eu-west-1.amazonaws.com/2018/04/16/gunzylbkp5cs/3afdcbac-5487-5df8-06c3-64850e7c15c4.flac?AWSAccessKeyId=AKIA45B7YWBX7MUJ7QCX&Expires=1764564865&Signature=HHBGnNw9kX0pZm8AAtDoi2f97kQ%3D,0.244819,3682
997605218,S4A06592_20180416_195000.flac,2018 SJWA-rose-2,2018,4,16,19,50,Agelaius tricolor,Alternative Song 2,23.7013,24.1067,609,7406,12000,(not validated),https://rfcx-streams-production.s3.eu-west-1.amazonaws.com/2018/04/16/gunzylbkp5cs/d98c2e49-61bc-7d09-7685-fb570eca3f74.flac?AWSAccessKeyId=AKIA45B7YWBX7MUJ7QCX&Expires=1764564865&Signature=sj4WsQua%2F7nhzn8GKRA%2FXm7GSV0%3D,0.242165,3682
997605219,S4A06592_20180416_192900.flac,2018 SJWA-rose-2,2018,4,16,19,29,Agelaius tricolor,Alternative Song 2,27.0613,27.4667,609,7406,12000,(not validated),https://rfcx-streams-production.s3.eu-west-1.amazonaws.com/2018/04/16/gunzylbkp5cs/bb527532-fd41-1eb3-d26e-33b8b9e01fc9.flac?AWSAccessKeyId=AKIA45B7YWBX7MUJ7QCX&Expires=1764564865&Signature=LAnFZw61L%2FUyB0vc7ZWsNBSN8QE%3D,0.264794,3682
997605220,S4A06592_20180416_201100.flac,2018 SJWA-rose-2,2018,4,16,20,11,Agelaius tricolor,Alternative Song 2,13.5573,13.9627,609,7406,12000,(not validated),https://rfcx-streams-production.s3.eu-west-1.amazonaws.com/2018/04/16/gunzylbkp5cs/028a19c9-0bfb-bb85-b19e-6a4034cfc7b6.flac?AWSAccessKeyId=AKIA45B7YWBX7MUJ7QCX&Expires=1764564865&Signature=3YOUTIm%2FWwfDPUqSioGnWyVO7Es%3D,0.214931,3682
997605221,S4A06592_20180416_225900.flac,2018 SJWA-rose-2,2018,4,16,22,59,Agelaius tricolor,Alternative Song 2,46.9333,47.3387,609,7406,12000,(not validated),https://rfcx-streams-production.s3.eu-west-1.amazonaws.com/2018/04/16/gunzylbkp5cs/cca9a83a-112b-d2a8-0acc-2b90a7e11da2.flac?AWSAccessKeyId=AKIA45B7YWBX7MUJ7QCX&Expires=1764564865&Signature=P9a7MSn88dOLwf%2FWILvOSvFQ%2Fz8%3D,0.292831,3682
997605222,S4A06592_20180416_232000.flac,2018 SJWA-rose-2,2018,4,16,23,20,Agelaius tricolor,Alternative Song 2,0.437333,0.842667,609,7406,12000,(not validated),https://rfcx-streams-production.s3.eu-west-1.amazonaws.com/2018/04/16/gunzylbkp5cs/5723022f-8335-a8c1-d338-c7a208963bb5.flac?AWSAccessKeyId=AKIA45B7YWBX7MUJ7QCX&Expires=1764564865&Signature=kS9%2FheP1qJnIvM1seSiJDzWpxuY%3D,0.202953,3682
997605223,S4A06592_20180417_000200.flac,2018 SJWA-rose-2,2018,4,17,0,2,Agelaius tricolor,Alternative Song 2,41.8987,42.304,609,7406,12000,(not validated),https://rfcx-streams-production.s3.eu-west-1.amazonaws.com/2018/04/16/gunzylbkp5cs/50c2076f-9dc8-0868-f96d-be30c2e0b4d8.flac?AWSAccessKeyId=AKIA45B7YWBX7MUJ7QCX&Expires=1764564865&Signature=GDN3DvVrUHq8LXVYFt%2BQK%2FJhXds%3D,0.252912,3682
997605224,S4A06592_20180417_010500.flac,2018 SJWA-rose-2,2018,4,17,1,5,Agelaius tricolor,Alternative Song 2,55.424,55.8293,609,7406,12000,(not validated),https://rfcx-streams-production.s3.eu-west-1.amazonaws.com/2018/04/16/gunzylbkp5cs/93282415-eef4-a6e7-9e9d-1f2fb86b6904.flac?AWSAccessKeyId=AKIA45B7YWBX7MUJ7QCX&Expires=1764564865&Signature=veu2upOhqpNvUF5EUuENfZu%2BcU4%3D,0.227467,3682
997605225,S4A06592_20180417_012600.flac,2018 SJWA-rose-2,2018,4,17,1,26,Agelaius tricolor,Alternative Song 2,0.373333,0.778667,609,7406,12000,(not validated),https://rfcx-streams-production.s3.eu-west-1.amazonaws.com/2018/04/16/gunzylbkp5cs/ef6cc084-a87e-d44e-56e0-cb29bbf22c7a.flac?AWSAccessKeyId=AKIA45B7YWBX7MUJ7QCX&Expires=1764564865&Signature=mfwafEC4Yfi8ZRY0u5AQfPSDJl4%3D,0.265824,3682
997605226,S4A06592_20180417_022900.flac,2018 SJWA-rose-2,2018,4,17,2,29,Agelaius tricolor,Alternative Song 2,50.0693,50.4747,609,7406,12000,(not validated),https://rfcx-streams-production.s3.eu-west-1.amazonaws.com/2018/04/16/gunzylbkp5cs/13962e2d-28ca-d67e-664f-7401779101ba.flac?AWSAccessKeyId=AKIA45B7YWBX7MUJ7QCX&Expires=1764564865&Signature=hO8vIy0asH44Ei5kCXa0yWU5O9g%3D,0.238069,3682
997605227,S4A06592_20180417_031100.flac,2018 SJWA-rose-2,2018,4,17,3,11,Agelaius tricolor,Alternative Song 2,24.1813,24.5867,609,7406,12000,(not validated),https://rfcx-streams-production.s3.eu-west-1.amazonaws.com/2018/04/16/gunzylbkp5cs/639de9a9-e040-b514-dce2-6715da25d936.flac?AWSAccessKeyId=AKIA45B7YWBX7MUJ7QCX&Expires=1764564865&Signature=DETE%2F93dGysnbOLJpSkMucVKe%2Fk%3D,0.212817,3682
997605228,S4A06592_20180417_025000.flac,2018 SJWA-rose-2,2018,4,17,2,50,Agelaius tricolor,Alternative Song 2,23.5307,23.936,609,7406,12000,(not validated),https://rfcx-streams-production.s3.eu-west-1.amazonaws.com/2018/04/16/gunzylbkp5cs/654becb8-8eda-fa6c-912a-803c9568abe6.flac?AWSAccessKeyId=AKIA45B7YWBX7MUJ7QCX&Expires=1764564865&Signature=slEASh4Hjw%2FqiBBrAypL1kgo64E%3D,0.265454,3682
997605229,S4A06592_20180417_053800.flac,2018 SJWA-rose-2,2018,4,17,5,38,Agelaius tricolor,Alternative Song 2,32.5973,33.0027,609,7406,12000,(not validated),https://rfcx-streams-production.s3.eu-west-1.amazonaws.com/2018/04/16/gunzylbkp5cs/86ca04ed-cee8-28b9-53bb-dccec7ab318a.flac?AWSAccessKeyId=AKIA45B7YWBX7MUJ7QCX&Expires=1764564865&Signature=AyywLV5f9AzK9WpBiYeCYQLp2Zw%3D,0.261507,3682
997605230,S4A06592_20180417_055900.flac,2018 SJWA-rose-2,2018,4,17,5,59,Agelaius tricolor,Alternative Song 2,46.7627,47.168,609,7406,12000,(not validated),https://rfcx-streams-production.s3.eu-west-1.amazonaws.com/2018/04/16/gunzylbkp5cs/8eb26ad5-b9b6-798e-199c-52601541594f.flac?AWSAccessKeyId=AKIA45B7YWBX7MUJ7QCX&Expires=1764564865&Signature=xTziyEKx2BhGFrM0xi2GzpR8VC8%3D,0.216895,3682
997605231,S4A06592_20180417_051700.flac,2018 SJWA-rose-2,2018,4,17,5,17,Agelaius tricolor,Alternative Song 2,1.42933,1.83467,609,7406,12000,(not validated),https://rfcx-streams-production.s3.eu-west-1.amazonaws.com/2018/04/16/gunzylbkp5cs/1475db6b-effd-bcb7-4413-57e3d879cd17.flac?AWSAccessKeyId=AKIA45B7YWBX7MUJ7QCX&Expires=1764564865&Signature=wJ2oFkrNDWw3zon3SRPI1ZH5eSw%3D,0.273438,3682
997605232,S4A06592_20180417_064100.flac,2018 SJWA-rose-2,2018,4,17,6,41,Agelaius tricolor,Alternative Song 2,19.84,20.2453,609,7406,12000,(not validated),https://rfcx-streams-production.s3.eu-west-1.amazonaws.com/2018/04/16/gunzylbkp5cs/69074805-3946-6ca2-4b7f-de5744eb3b4e.flac?AWSAccessKeyId=AKIA45B7YWBX7MUJ7QCX&Expires=1764564865&Signature=AZvI9sXaIIHXxWtrSt8%2Bo%2FWRrec%3D,0.210121,3682
997605233,S4A06592_20180417_062000.flac,2018 SJWA-rose-2,2018,4,17,6,20,Agelaius tricolor,Alternative Song 2,59.392,59.7973,609,7406,12000,(not validated),https://rfcx-streams-production.s3.eu-west-1.amazonaws.com/2018/04/16/gunzylbkp5cs/7eb4caf0-3eec-ff57-a798-4ae701966d6c.flac?AWSAccessKeyId=AKIA45B7YWBX7MUJ7QCX&Expires=1764564865&Signature=hJLwp9cMmk6%2BcZA3W4K610Q0VHg%3D,0.242564,3682
997605234,S4A06592_20180417_070200.flac,2018 SJWA-rose-2,2018,4,17,7,2,Agelaius tricolor,Alternative Song 2,16.896,17.3013,609,7406,12000,(not validated),https://rfcx-streams-production.s3.eu-west-1.amazonaws.com/2018/04/17/gunzylbkp5cs/f8937552-3191-7540-3c99-8f5cbc475b81.flac?AWSAccessKeyId=AKIA45B7YWBX7MUJ7QCX&Expires=1764564865&Signature=Y%2Bql3sGt6zIZsAVuTKRafSm8dr4%3D,0.237737,3682
997605235,S4A06592_20180417_074400.flac,2018 SJWA-rose-2,2018,4,17,7,44,Agelaius tricolor,Alternative Song 2,53.7813,54.1867,609,7406,12000,(not validated),https://rfcx-streams-production.s3.eu-west-1.amazonaws.com/2018/04/17/gunzylbkp5cs/02a25839-f5fb-3089-6ca4-36cf7a021391.flac?AWSAccessKeyId=AKIA45B7YWBX7MUJ7QCX&Expires=1764564865&Signature=i6qrVpNs5Cwo8SBHXVmkCDD4Uzs%3D,0.200606,3682
997605236,S4A06592_20180414_010500.flac,2018 SJWA-rose-2,2018,4,14,1,5,Agelaius tricolor,Alternative Song 2,17.7067,18.112,609,7406,12000,(not validated),https://rfcx-streams-production.s3.eu-west-1.amazonaws.com/2018/04/13/gunzylbkp5cs/94a85178-8d3c-c460-383e-377d952aa32a.flac?AWSAccessKeyId=AKIA45B7YWBX7MUJ7QCX&Expires=1764564865&Signature=J4EcIe4yv2InPT%2FQgC1P1msAjSQ%3D,0.216128,3682
997605237,S4A06592_20180414_014700.flac,2018 SJWA-rose-2,2018,4,14,1,47,Agelaius tricolor,Alternative Song 2,3.02933,3.43467,609,7406,12000,(not validated),https://rfcx-streams-production.s3.eu-west-1.amazonaws.com/2018/04/13/gunzylbkp5cs/11f17c50-d7eb-2534-2073-dba4d1f62871.flac?AWSAccessKeyId=AKIA45B7YWBX7MUJ7QCX&Expires=1764564865&Signature=wH8YM3y8dUtdYprfUXID%2FaVXhII%3D,0.21686,3682
997605238,S4A06592_20180414_012600.flac,2018 SJWA-rose-2,2018,4,14,1,26,Agelaius tricolor,Alternative Song 2,7.30667,7.712,609,7406,12000,(not validated),https://rfcx-streams-production.s3.eu-west-1.amazonaws.com/2018/04/13/gunzylbkp5cs/b43f6bca-4985-1e48-b712-42d10d36e868.flac?AWSAccessKeyId=AKIA45B7YWBX7MUJ7QCX&Expires=1764564865&Signature=ncO7isUjNw1S1Qt7EnWwmOmZEbI%3D,0.201711,3682
997605239,S4A06592_20180414_004400.flac,2018 SJWA-rose-2,2018,4,14,0,44,Agelaius tricolor,Alternative Song 2,34.0267,34.432,609,7406,12000,(not validated),https://rfcx-streams-production.s3.eu-west-1.amazonaws.com/2018/04/13/gunzylbkp5cs/e6b908b4-d200-e976-d4a9-d621e5665a33.flac?AWSAccessKeyId=AKIA45B7YWBX7MUJ7QCX&Expires=1764564865&Signature=32I%2Bcou5iZZUU1x1bVfZYq47JTA%3D,0.20139,3682
997605240,S4A06592_20180414_051700.flac,2018 SJWA-rose-2,2018,4,14,5,17,Agelaius tricolor,Alternative Song 2,39.104,39.5093,609,7406,12000,(not validated),https://rfcx-streams-production.s3.eu-west-1.amazonaws.com/2018/04/13/gunzylbkp5cs/d4fe05a7-aa98-2c65-8923-7512307c5786.flac?AWSAccessKeyId=AKIA45B7YWBX7MUJ7QCX&Expires=1764564865&Signature=%2BXAxLvXstqFh6UFNPfoiAL9D0O0%3D,0.206659,3682
997605241,S4A06592_20180414_053800.flac,2018 SJWA-rose-2,2018,4,14,5,38,Agelaius tricolor,Alternative Song 2,9.01333,9.41867,609,7406,12000,(not validated),https://rfcx-streams-production.s3.eu-west-1.amazonaws.com/2018/04/13/gunzylbkp5cs/f96dbda9-4fed-7d7b-ef91-09a20f4b1259.flac?AWSAccessKeyId=AKIA45B7YWBX7MUJ7QCX&Expires=1764564865&Signature=Se9MO8cYgzZMZBZQt6qqmtpIsFk%3D,0.286218,3682
997605242,S4A06592_20180414_055900.flac,2018 SJWA-rose-2,2018,4,14,5,59,Agelaius tricolor,Alternative Song 2,16.3627,16.768,609,7406,12000,(not validated),https://rfcx-streams-production.s3.eu-west-1.amazonaws.com/2018/04/13/gunzylbkp5cs/35f105af-3023-1e36-074f-0d4c5ff0d485.flac?AWSAccessKeyId=AKIA45B7YWBX7MUJ7QCX&Expires=1764564865&Signature=1YG%2FoKc8tLI0dVcHuXUgYsKPWRg%3D,0.205767,3682
997605243,S4A06592_20180414_062000.flac,2018 SJWA-rose-2,2018,4,14,6,20,Agelaius tricolor,Alternative Song 2,47.136,47.5413,609,7406,12000,(not validated),https://rfcx-streams-production.s3.eu-west-1.amazonaws.com/2018/04/13/gunzylbkp5cs/16d8886e-8792-12e7-18b2-65af559aaeac.flac?AWSAccessKeyId=AKIA45B7YWBX7MUJ7QCX&Expires=1764564865&Signature=LYrNhUZVhkgL8k4%2Fxmcg0sKnnGI%3D,0.204085,3682
997605244,S4A06592_20180414_074400.flac,2018 SJWA-rose-2,2018,4,14,7,44,Agelaius tricolor,Alternative Song 2,54.8587,55.264,609,7406,12000,(not validated),https://rfcx-streams-production.s3.eu-west-1.amazonaws.com/2018/04/14/gunzylbkp5cs/3843f723-2ac8-ccb3-7fc9-e16818a0db8f.flac?AWSAccessKeyId=AKIA45B7YWBX7MUJ7QCX&Expires=1764564865&Signature=CmWkqwws%2FfoOxQ1O1PD41zj7a6E%3D,0.205936,3682
997605245,S4A06592_20180414_082600.flac,2018 SJWA-rose-2,2018,4,14,8,26,Agelaius tricolor,Alternative Song 2,18.0587,18.464,609,7406,12000,(not validated),https://rfcx-streams-production.s3.eu-west-1.amazonaws.com/2018/04/14/gunzylbkp5cs/e4e67d5d-0b93-f131-bad2-00c62f5d46ab.flac?AWSAccessKeyId=AKIA45B7YWBX7MUJ7QCX&Expires=1764564865&Signature=FOgLNV9cvpe7GaN1tUN1pVWFiSo%3D,0.216613,3682
997605246,S4A06592_20180414_084700.flac,2018 SJWA-rose-2,2018,4,14,8,47,Agelaius tricolor,Alternative Song 2,31.3707,31.776,609,7406,12000,(not validated),https://rfcx-streams-production.s3.eu-west-1.amazonaws.com/2018/04/14/gunzylbkp5cs/66af6b3c-5d64-4efd-6205-247de04ce53f.flac?AWSAccessKeyId=AKIA45B7YWBX7MUJ7QCX&Expires=1764564865&Signature=06Ga43SmwvJrku64C%2BkV5ssCQVg%3D,0.24135,3682
997605247,S4A06592_20180414_090800.flac,2018 SJWA-rose-2,2018,4,14,9,8,Agelaius tricolor,Alternative Song 2,5.92,6.32533,609,7406,12000,(not validated),https://rfcx-streams-production.s3.eu-west-1.amazonaws.com/2018/04/14/gunzylbkp5cs/481039f9-66bb-dd0e-c4bc-0667005a221b.flac?AWSAccessKeyId=AKIA45B7YWBX7MUJ7QCX&Expires=1764564865&Signature=Sj%2FkKWnXO%2B2kql4GEBkY26oO%2Ffo%3D,0.223523,3682
997605248,S4A06592_20180414_095000.flac,2018 SJWA-rose-2,2018,4,14,9,50,Agelaius tricolor,Alternative Song 2,43.8827,44.288,609,7406,12000,(not validated),https://rfcx-streams-production.s3.eu-west-1.amazonaws.com/2018/04/14/gunzylbkp5cs/b6b41db4-1852-0c6a-97f6-2ea7c38d2979.flac?AWSAccessKeyId=AKIA45B7YWBX7MUJ7QCX&Expires=1764564865&Signature=gJuC13YQYTtdvk%2Bg8CFU4p%2Fe%2F2g%3D,0.219269,3682
997605249,S4A06592_20180414_103200.flac,2018 SJWA-rose-2,2018,4,14,10,32,Agelaius tricolor,Alternative Song 2,4,4.40533,609,7406,12000,(not validated),https://rfcx-streams-production.s3.eu-west-1.amazonaws.com/2018/04/14/gunzylbkp5cs/d69ff88d-c4f6-6eb3-8c0b-5907d73f3b62.flac?AWSAccessKeyId=AKIA45B7YWBX7MUJ7QCX&Expires=1764564865&Signature=gscowQbNhJaSfHl5TSFd7S7Vk6U%3D,0.230457,3682
997605250,S4A06592_20180414_113500.flac,2018 SJWA-rose-2,2018,4,14,11,35,Agelaius tricolor,Alternative Song 2,4.23467,4.64,609,7406,12000,(not validated),https://rfcx-streams-production.s3.eu-west-1.amazonaws.com/2018/04/14/gunzylbkp5cs/eb84c5b7-a8f2-6f53-cfa5-642cbb1993ee.flac?AWSAccessKeyId=AKIA45B7YWBX7MUJ7QCX&Expires=1764564865&Signature=HTEdV%2BoQpBoaVo%2B%2BDh43T%2BPzyxY%3D,0.214013,3682
997605251,S4A06592_20180414_111400.flac,2018 SJWA-rose-2,2018,4,14,11,14,Agelaius tricolor,Alternative Song 2,49.92,50.3253,609,7406,12000,(not validated),https://rfcx-streams-production.s3.eu-west-1.amazonaws.com/2018/04/14/gunzylbkp5cs/324b8552-174c-071b-6061-f198b27a78b0.flac?AWSAccessKeyId=AKIA45B7YWBX7MUJ7QCX&Expires=1764564865&Signature=rvA1fwLuyNHkd6X3GZbSeG0BxDA%3D,0.211161,3682
997605252,S4A06592_20180414_121700.flac,2018 SJWA-rose-2,2018,4,14,12,17,Agelaius tricolor,Alternative Song 2,17.6213,18.0267,609,7406,12000,(not validated),https://rfcx-streams-production.s3.eu-west-1.amazonaws.com/2018/04/14/gunzylbkp5cs/506d68cd-cb86-0c59-6a62-faeadad58145.flac?AWSAccessKeyId=AKIA45B7YWBX7MUJ7QCX&Expires=1764564865&Signature=fPTl%2BJxMBhQrqKYxg3smwGG%2F8nc%3D,0.237141,3682
997605253,S4A06592_20180414_123800.flac,2018 SJWA-rose-2,2018,4,14,12,38,Agelaius tricolor,Alternative Song 2,44.4267,44.832,609,7406,12000,present,https://rfcx-streams-production.s3.eu-west-1.amazonaws.com/2018/04/14/gunzylbkp5cs/68e11165-8ecb-7706-596f-7a65a1ca58e0.flac?AWSAccessKeyId=AKIA45B7YWBX7MUJ7QCX&Expires=1764564865&Signature=u5vxSyFwEegho%2BaqJ4qiRWBa6Hg%3D,0.216545,3682
997605254,S4A06592_20180414_132000.flac,2018 SJWA-rose-2,2018,4,14,13,20,Agelaius tricolor,Alternative Song 2,0.725333,1.13067,609,7406,12000,(not validated),https://rfcx-streams-production.s3.eu-west-1.amazonaws.com/2018/04/14/gunzylbkp5cs/91649bf2-1547-a972-87f8-34d92f3b9e87.flac?AWSAccessKeyId=AKIA45B7YWBX7MUJ7QCX&Expires=1764564865&Signature=szg8GkuTMVP0mflsSAahWGoT8aA%3D,0.207292,3682
997605255,S4A06592_20180414_140200.flac,2018 SJWA-rose-2,2018,4,14,14,2,Agelaius tricolor,Alternative Song 2,8.832,9.23733,609,7406,12000,(not validated),https://rfcx-streams-production.s3.eu-west-1.amazonaws.com/2018/04/14/gunzylbkp5cs/c3aabc3d-343e-4b34-6bf2-c50c57d4e502.flac?AWSAccessKeyId=AKIA45B7YWBX7MUJ7QCX&Expires=1764564865&Signature=kYarN0qlQtRBI0rN%2F80pysjQCJ8%3D,0.21816,3682
997605256,S4A06592_20180414_125900.flac,2018 SJWA-rose-2,2018,4,14,12,59,Agelaius tricolor,Alternative Song 2,58.9867,59.392,609,7406,12000,present,https://rfcx-streams-production.s3.eu-west-1.amazonaws.com/2018/04/14/gunzylbkp5cs/7e1b49c9-c896-58bf-3020-91a217aa5c80.flac?AWSAccessKeyId=AKIA45B7YWBX7MUJ7QCX&Expires=1764564865&Signature=F%2BjDWRdpnybwwhuPiiaQZ9MBY8Q%3D,0.231185,3682
997605257,S4A06592_20180414_144400.flac,2018 SJWA-rose-2,2018,4,14,14,44,Agelaius tricolor,Alternative Song 2,3.25333,3.65867,609,7406,12000,(not validated),https://rfcx-streams-production.s3.eu-west-1.amazonaws.com/2018/04/14/gunzylbkp5cs/69942521-eba8-856e-a60c-c59b508b5016.flac?AWSAccessKeyId=AKIA45B7YWBX7MUJ7QCX&Expires=1764564865&Signature=WTbGc2x8KFKYw5XMfhz9b7FzclQ%3D,0.2027,3682
997605258,S4A06592_20180414_150500.flac,2018 SJWA-rose-2,2018,4,14,15,5,Agelaius tricolor,Alternative Song 2,35.4987,35.904,609,7406,12000,(not validated),https://rfcx-streams-production.s3.eu-west-1.amazonaws.com/2018/04/14/gunzylbkp5cs/efbd8eab-4c53-ef8b-2de3-94d8ede31e04.flac?AWSAccessKeyId=AKIA45B7YWBX7MUJ7QCX&Expires=1764564865&Signature=LHDZ%2BeYFfqb1a1DwVMvbbgjP8jQ%3D,0.210213,3682
997605259,S4A06592_20180414_154700.flac,2018 SJWA-rose-2,2018,4,14,15,47,Agelaius tricolor,Alternative Song 2,5.36533,5.77067,609,7406,12000,(not validated),https://rfcx-streams-production.s3.eu-west-1.amazonaws.com/2018/04/14/gunzylbkp5cs/1bed3907-a483-2a27-79a5-640c159617a6.flac?AWSAccessKeyId=AKIA45B7YWBX7MUJ7QCX&Expires=1764564865&Signature=ThORKpoqL2kOaaTkQaacll3%2Fjls%3D,0.227732,3682
997605260,S4A06592_20180414_134100.flac,2018 SJWA-rose-2,2018,4,14,13,41,Agelaius tricolor,Alternative Song 2,21.7387,22.144,609,7406,12000,(not validated),https://rfcx-streams-production.s3.eu-west-1.amazonaws.com/2018/04/14/gunzylbkp5cs/c9da8422-79e4-4026-43af-31cb301989db.flac?AWSAccessKeyId=AKIA45B7YWBX7MUJ7QCX&Expires=1764564865&Signature=4dYduqfZegnZQM%2B7tTNYem9Xek8%3D,0.308528,3682
997605261,S4A06592_20180414_164100.flac,2018 SJWA-rose-2,2018,4,14,16,41,Agelaius tricolor,Alternative Song 2,58.3893,58.7947,609,7406,12000,(not validated),https://rfcx-streams-production.s3.eu-west-1.amazonaws.com/2018/04/14/gunzylbkp5cs/1ab14ebf-0f97-1829-be64-c04ecedb683d.flac?AWSAccessKeyId=AKIA45B7YWBX7MUJ7QCX&Expires=1764564865&Signature=gdfmnB6mlSyRyxQS1d9aXP%2FzpQw%3D,0.229853,3682
997605262,S4A06592_20180414_155900.flac,2018 SJWA-rose-2,2018,4,14,15,59,Agelaius tricolor,Alternative Song 2,26.9973,27.4027,609,7406,12000,(not validated),https://rfcx-streams-production.s3.eu-west-1.amazonaws.com/2018/04/14/gunzylbkp5cs/eb0d65a1-d397-c66c-b1f0-e2712f0910a8.flac?AWSAccessKeyId=AKIA45B7YWBX7MUJ7QCX&Expires=1764564865&Signature=6mq5YEN0WMQ7K3b%2Ff0JVL9phYBA%3D,0.207155,3682
997605263,S4A06592_20180414_184700.flac,2018 SJWA-rose-2,2018,4,14,18,47,Agelaius tricolor,Alternative Song 2,18.0587,18.464,609,7406,12000,(not validated),https://rfcx-streams-production.s3.eu-west-1.amazonaws.com/2018/04/14/gunzylbkp5cs/98bd7b8f-c28e-0e2f-a40f-d9ca87c60f54.flac?AWSAccessKeyId=AKIA45B7YWBX7MUJ7QCX&Expires=1764564865&Signature=hzZeJvjh3XAnR1pjjSvrJGNxBnY%3D,0.247158,3682
997605264,S4A06592_20180414_192900.flac,2018 SJWA-rose-2,2018,4,14,19,29,Agelaius tricolor,Alternative Song 2,19.776,20.1813,609,7406,12000,(not validated),https://rfcx-streams-production.s3.eu-west-1.amazonaws.com/2018/04/14/gunzylbkp5cs/83dc329c-19da-d35e-9a79-79e460d05d10.flac?AWSAccessKeyId=AKIA45B7YWBX7MUJ7QCX&Expires=1764564865&Signature=H8hoK8N%2BPgAmaX28HNWT6R3tA9w%3D,0.23523,3682
997605265,S4A06592_20180414_195000.flac,2018 SJWA-rose-2,2018,4,14,19,50,Agelaius tricolor,Alternative Song 2,5.33333,5.73867,609,7406,12000,(not validated),https://rfcx-streams-production.s3.eu-west-1.amazonaws.com/2018/04/14/gunzylbkp5cs/f772ff63-7a6e-e954-0cfb-476a2eaf3018.flac?AWSAccessKeyId=AKIA45B7YWBX7MUJ7QCX&Expires=1764564865&Signature=P1hsMU7cS2lwF6rOb7UIOYuR7CM%3D,0.227469,3682
997605266,S4A06592_20180414_201100.flac,2018 SJWA-rose-2,2018,4,14,20,11,Agelaius tricolor,Alternative Song 2,2.42133,2.82667,609,7406,12000,(not validated),https://rfcx-streams-production.s3.eu-west-1.amazonaws.com/2018/04/14/gunzylbkp5cs/e0285ce3-9a23-9e86-5b53-72610cd3f4f7.flac?AWSAccessKeyId=AKIA45B7YWBX7MUJ7QCX&Expires=1764564865&Signature=MUaXcTM8YhImi9hIGRt9J7o2jNQ%3D,0.220529,3682
997605267,S4A06592_20180414_203200.flac,2018 SJWA-rose-2,2018,4,14,20,32,Agelaius tricolor,Alternative Song 2,6.13333,6.53867,609,7406,12000,(not validated),https://rfcx-streams-production.s3.eu-west-1.amazonaws.com/2018/04/14/gunzylbkp5cs/c1b42304-012c-8cbf-bac7-5978e9fa3c9d.flac?AWSAccessKeyId=AKIA45B7YWBX7MUJ7QCX&Expires=1764564865&Signature=LcVHiV2WaWA%2FlvuJFnJbKblpFJw%3D,0.300854,3682
997605268,S4A06592_20180414_225900.flac,2018 SJWA-rose-2,2018,4,14,22,59,Agelaius tricolor,Alternative Song 2,53.8667,54.272,609,7406,12000,(not validated),https://rfcx-streams-production.s3.eu-west-1.amazonaws.com/2018/04/14/gunzylbkp5cs/8a57b4ec-9eb3-5912-6b07-a56831acb409.flac?AWSAccessKeyId=AKIA45B7YWBX7MUJ7QCX&Expires=1764564865&Signature=uG7%2B6%2FbKa4nWt62mOhMkBWKD5%2F8%3D,0.293258,3682
997605269,S4A06592_20180415_002300.flac,2018 SJWA-rose-2,2018,4,15,0,23,Agelaius tricolor,Alternative Song 2,7.2,7.60533,609,7406,12000,(not validated),https://rfcx-streams-production.s3.eu-west-1.amazonaws.com/2018/04/14/gunzylbkp5cs/fe325fec-4b69-d9e0-6451-289b337f3db1.flac?AWSAccessKeyId=AKIA45B7YWBX7MUJ7QCX&Expires=1764564865&Signature=I9SYoScciTZm19hzLwiWyOVP9AM%3D,0.286862,3682
997605270,S4A06592_20180415_004400.flac,2018 SJWA-rose-2,2018,4,15,0,44,Agelaius tricolor,Alternative Song 2,44.0853,44.4907,609,7406,12000,(not validated),https://rfcx-streams-production.s3.eu-west-1.amazonaws.com/2018/04/14/gunzylbkp5cs/82162aad-39ee-cd79-8edc-d468974c39a8.flac?AWSAccessKeyId=AKIA45B7YWBX7MUJ7QCX&Expires=1764564865&Signature=x%2FCeLorHUyDCDFLGhgy4%2B8NWku8%3D,0.332702,3682
997605271,S4A06592_20180415_010500.flac,2018 SJWA-rose-2,2018,4,15,1,5,Agelaius tricolor,Alternative Song 2,39.4987,39.904,609,7406,12000,(not validated),https://rfcx-streams-production.s3.eu-west-1.amazonaws.com/2018/04/14/gunzylbkp5cs/071371b5-7a3d-d64c-58e4-0f6963d0e144.flac?AWSAccessKeyId=AKIA45B7YWBX7MUJ7QCX&Expires=1764564865&Signature=DZZQ7oFTO12pIYZGi0vVIeRN2K0%3D,0.218199,3682
997605272,S4A06592_20180415_012600.flac,2018 SJWA-rose-2,2018,4,15,1,26,Agelaius tricolor,Alternative Song 2,44.1707,44.576,609,7406,12000,(not validated),https://rfcx-streams-production.s3.eu-west-1.amazonaws.com/2018/04/14/gunzylbkp5cs/5e15b872-473b-7968-0c4f-a516842e50cd.flac?AWSAccessKeyId=AKIA45B7YWBX7MUJ7QCX&Expires=1764564865&Signature=hBKL2jxHf1XZe2q3eSQUZqbYf3M%3D,0.269514,3682
997605273,S4A06592_20180415_020800.flac,2018 SJWA-rose-2,2018,4,15,2,8,Agelaius tricolor,Alternative Song 2,44.2453,44.6507,609,7406,12000,(not validated),https://rfcx-streams-production.s3.eu-west-1.amazonaws.com/2018/04/14/gunzylbkp5cs/b0cf43d3-1f05-da93-df3f-bb5e103a7334.flac?AWSAccessKeyId=AKIA45B7YWBX7MUJ7QCX&Expires=1764564865&Signature=vmRANc0pBgdI3%2FEyuPyVVQEmcMs%3D,0.337135,3682
997605274,S4A06592_20180415_014700.flac,2018 SJWA-rose-2,2018,4,15,1,47,Agelaius tricolor,Alternative Song 2,47.1147,47.52,609,7406,12000,(not validated),https://rfcx-streams-production.s3.eu-west-1.amazonaws.com/2018/04/14/gunzylbkp5cs/46481f98-bfad-e49b-a4ec-8c22b09c5dcb.flac?AWSAccessKeyId=AKIA45B7YWBX7MUJ7QCX&Expires=1764564865&Signature=D8nC3DsTPlGvCnNzqxfes%2B%2BdE4c%3D,0.243918,3682
997605275,S4A06592_20180415_025000.flac,2018 SJWA-rose-2,2018,4,15,2,50,Agelaius tricolor,Alternative Song 2,30.4853,30.8907,609,7406,12000,(not validated),https://rfcx-streams-production.s3.eu-west-1.amazonaws.com/2018/04/14/gunzylbkp5cs/0dda81ad-eecd-61bb-9338-2258b3d7ec12.flac?AWSAccessKeyId=AKIA45B7YWBX7MUJ7QCX&Expires=1764564865&Signature=mP6WWEAzhQ3ZhLUAo2lGmm6aBCU%3D,0.23546,3682
997605276,S4A06592_20180415_035300.flac,2018 SJWA-rose-2,2018,4,15,3,53,Agelaius tricolor,Alternative Song 2,35.9147,36.32,609,7406,12000,(not validated),https://rfcx-streams-production.s3.eu-west-1.amazonaws.com/2018/04/14/gunzylbkp5cs/1840f226-d58b-53ac-c3eb-65be83f7c13a.flac?AWSAccessKeyId=AKIA45B7YWBX7MUJ7QCX&Expires=1764564865&Signature=OMNtp0JjXqc7A75nO%2FwbwLQ%2BKag%3D,0.258134,3682
997605277,S4A06592_20180415_051700.flac,2018 SJWA-rose-2,2018,4,15,5,17,Agelaius tricolor,Alternative Song 2,56.16,56.5653,609,7406,12000,(not validated),https://rfcx-streams-production.s3.eu-west-1.amazonaws.com/2018/04/14/gunzylbkp5cs/682acc7b-f3ca-c9e4-5933-a7ce410bb7a6.flac?AWSAccessKeyId=AKIA45B7YWBX7MUJ7QCX&Expires=1764564865&Signature=4J9h0rSjCYSgyGXxnSoy0pDH99g%3D,0.257503,3682
997605278,S4A06592_20180415_045600.flac,2018 SJWA-rose-2,2018,4,15,4,56,Agelaius tricolor,Alternative Song 2,0.394667,0.8,609,7406,12000,(not validated),https://rfcx-streams-production.s3.eu-west-1.amazonaws.com/2018/04/14/gunzylbkp5cs/98fe2c5f-a75f-7514-5ee5-314a01890acf.flac?AWSAccessKeyId=AKIA45B7YWBX7MUJ7QCX&Expires=1764564865&Signature=2WXXoTd6qCUEI%2BfOqgCUS3LsT5w%3D,0.209679,3682
997605279,S4A06592_20180415_062000.flac,2018 SJWA-rose-2,2018,4,15,6,20,Agelaius tricolor,Alternative Song 2,52.256,52.6613,609,7406,12000,(not validated),https://rfcx-streams-production.s3.eu-west-1.amazonaws.com/2018/04/14/gunzylbkp5cs/6e685f25-15d4-d408-af3a-88ec4a456bbe.flac?AWSAccessKeyId=AKIA45B7YWBX7MUJ7QCX&Expires=1764564865&Signature=2mAx6rxY8x8GN%2F1RpGzZTUnXMxg%3D,0.201915,3682
997605280,S4A06592_20180415_064100.flac,2018 SJWA-rose-2,2018,4,15,6,41,Agelaius tricolor,Alternative Song 2,2.528,2.93333,609,7406,12000,(not validated),https://rfcx-streams-production.s3.eu-west-1.amazonaws.com/2018/04/14/gunzylbkp5cs/eb45b745-c5df-8a49-eb9f-a94bf4ee648b.flac?AWSAccessKeyId=AKIA45B7YWBX7MUJ7QCX&Expires=1764564865&Signature=h4JOsEpgrtipeBx%2FRk252Ay%2FDtA%3D,0.201806,3682
997605281,S4A06592_20180415_053800.flac,2018 SJWA-rose-2,2018,4,15,5,38,Agelaius tricolor,Alternative Song 2,7.712,8.11733,609,7406,12000,(not validated),https://rfcx-streams-production.s3.eu-west-1.amazonaws.com/2018/04/14/gunzylbkp5cs/2b7eb28f-82f7-ebf7-3999-45544526cee1.flac?AWSAccessKeyId=AKIA45B7YWBX7MUJ7QCX&Expires=1764564865&Signature=4cKdVJn%2FFc6AXgBHEpLQBcdo2rw%3D,0.227952,3682
997605282,S4A06592_20180415_082600.flac,2018 SJWA-rose-2,2018,4,15,8,26,Agelaius tricolor,Alternative Song 2,10.5707,10.976,609,7406,12000,(not validated),https://rfcx-streams-production.s3.eu-west-1.amazonaws.com/2018/04/15/gunzylbkp5cs/b31a1008-600e-cb7a-d184-07eebd530fe1.flac?AWSAccessKeyId=AKIA45B7YWBX7MUJ7QCX&Expires=1764564865&Signature=mPurgmUIrcb452lt%2Bs3jQnFGDVk%3D,0.2316,3682
997605283,S4A06592_20180415_092900.flac,2018 SJWA-rose-2,2018,4,15,9,29,Agelaius tricolor,Alternative Song 2,15.744,16.1493,609,7406,12000,(not validated),https://rfcx-streams-production.s3.eu-west-1.amazonaws.com/2018/04/15/gunzylbkp5cs/205b0fb7-b798-48f2-d763-99d91c90ff24.flac?AWSAccessKeyId=AKIA45B7YWBX7MUJ7QCX&Expires=1764564865&Signature=hhKXbZ3l60sRuKqY9%2ByE%2BFTY9QM%3D,0.222637,3682
997605284,S4A06592_20180415_105300.flac,2018 SJWA-rose-2,2018,4,15,10,53,Agelaius tricolor,Alternative Song 2,19.9787,20.384,609,7406,12000,(not validated),https://rfcx-streams-production.s3.eu-west-1.amazonaws.com/2018/04/15/gunzylbkp5cs/11f6577d-8c30-6ba8-e8c8-57f20cf114d8.flac?AWSAccessKeyId=AKIA45B7YWBX7MUJ7QCX&Expires=1764564865&Signature=R88E58osDeqzSzY%2BCo%2BDPduBZdQ%3D,0.204238,3682
997605285,S4A06592_20180415_090800.flac,2018 SJWA-rose-2,2018,4,15,9,8,Agelaius tricolor,Alternative Song 2,16.0107,16.416,609,7406,12000,(not validated),https://rfcx-streams-production.s3.eu-west-1.amazonaws.com/2018/04/15/gunzylbkp5cs/95b4f91c-d482-e294-af71-ef2e03290be8.flac?AWSAccessKeyId=AKIA45B7YWBX7MUJ7QCX&Expires=1764564865&Signature=STht67jjK9SHVXDRRA99XmCdfnA%3D,0.229727,3682
997605286,S4A06592_20180415_115600.flac,2018 SJWA-rose-2,2018,4,15,11,56,Agelaius tricolor,Alternative Song 2,32.96,33.3653,609,7406,12000,present,https://rfcx-streams-production.s3.eu-west-1.amazonaws.com/2018/04/15/gunzylbkp5cs/c42100e1-85cc-5e8c-af39-a0675ecb45e9.flac?AWSAccessKeyId=AKIA45B7YWBX7MUJ7QCX&Expires=1764564865&Signature=4qlNRElH980e5eKw%2FfiS0q6o2wA%3D,0.243964,3682
997605287,S4A06592_20180415_113500.flac,2018 SJWA-rose-2,2018,4,15,11,35,Agelaius tricolor,Alternative Song 2,28.416,28.8213,609,7406,12000,(not validated),https://rfcx-streams-production.s3.eu-west-1.amazonaws.com/2018/04/15/gunzylbkp5cs/4f3f1b53-0348-7c7f-9965-676919f78481.flac?AWSAccessKeyId=AKIA45B7YWBX7MUJ7QCX&Expires=1764564865&Signature=ivdt%2BtbzeJBjuFt1wk7cqn5rp9A%3D,0.27298,3682
997605288,S4A06592_20180415_125900.flac,2018 SJWA-rose-2,2018,4,15,12,59,Agelaius tricolor,Alternative Song 2,28.16,28.5653,609,7406,12000,present,https://rfcx-streams-production.s3.eu-west-1.amazonaws.com/2018/04/15/gunzylbkp5cs/4162a07f-069f-ad67-12c6-94c430abff91.flac?AWSAccessKeyId=AKIA45B7YWBX7MUJ7QCX&Expires=1764564865&Signature=D16JR9a1JDBXr7%2BxzdDII6Za%2B%2F4%3D,0.279255,3682
997605289,S4A06592_20180415_132000.flac,2018 SJWA-rose-2,2018,4,15,13,20,Agelaius tricolor,Alternative Song 2,30.88,31.2853,609,7406,12000,(not validated),https://rfcx-streams-production.s3.eu-west-1.amazonaws.com/2018/04/15/gunzylbkp5cs/80cf2597-0372-b33c-5911-cd973c012f7d.flac?AWSAccessKeyId=AKIA45B7YWBX7MUJ7QCX&Expires=1764564865&Signature=W0woH%2B37H4PMLZ25NLVhPjauUPs%3D,0.227862,3682
997605290,S4A06592_20180415_121700.flac,2018 SJWA-rose-2,2018,4,15,12,17,Agelaius tricolor,Alternative Song 2,25.984,26.3893,609,7406,12000,present,https://rfcx-streams-production.s3.eu-west-1.amazonaws.com/2018/04/15/gunzylbkp5cs/b3a3ec5b-5606-cfa0-84da-89454e27264c.flac?AWSAccessKeyId=AKIA45B7YWBX7MUJ7QCX&Expires=1764564865&Signature=nL1044eKJTFgw1wZHr8T%2BV0PSQ4%3D,0.248522,3682
997605291,S4A06592_20180415_140200.flac,2018 SJWA-rose-2,2018,4,15,14,2,Agelaius tricolor,Alternative Song 2,5.472,5.87733,609,7406,12000,(not validated),https://rfcx-streams-production.s3.eu-west-1.amazonaws.com/2018/04/15/gunzylbkp5cs/29be2b7c-d0a6-7b31-094b-34ed2aa3edf2.flac?AWSAccessKeyId=AKIA45B7YWBX7MUJ7QCX&Expires=1764564865&Signature=8f120VM5L14VWGo17aveyPZU5yI%3D,0.217191,3682
997605292,S4A06592_20180415_150500.flac,2018 SJWA-rose-2,2018,4,15,15,5,Agelaius tricolor,Alternative Song 2,43.2213,43.6267,609,7406,12000,(not validated),https://rfcx-streams-production.s3.eu-west-1.amazonaws.com/2018/04/15/gunzylbkp5cs/7c08b32f-c47e-bfc4-83ca-08f5496bf2d4.flac?AWSAccessKeyId=AKIA45B7YWBX7MUJ7QCX&Expires=1764564865&Signature=%2BXWq%2Bo3iPis1sfkAsvThpAgnpho%3D,0.215796,3682
997605293,S4A06592_20180415_154700.flac,2018 SJWA-rose-2,2018,4,15,15,47,Agelaius tricolor,Alternative Song 2,50.6987,51.104,609,7406,12000,present,https://rfcx-streams-production.s3.eu-west-1.amazonaws.com/2018/04/15/gunzylbkp5cs/2082f469-1368-c11f-b4f1-d6f7b959c6bb.flac?AWSAccessKeyId=AKIA45B7YWBX7MUJ7QCX&Expires=1764564865&Signature=Lur7DLZzD0WSW1qnfXLg6TGjgXM%3D,0.257957,3682
997605294,S4A06592_20180415_144400.flac,2018 SJWA-rose-2,2018,4,15,14,44,Agelaius tricolor,Alternative Song 2,50.3467,50.752,609,7406,12000,(not validated),https://rfcx-streams-production.s3.eu-west-1.amazonaws.com/2018/04/15/gunzylbkp5cs/dadafec8-c81e-9d56-2d2f-e3fe1524e885.flac?AWSAccessKeyId=AKIA45B7YWBX7MUJ7QCX&Expires=1764564865&Signature=zxZ5mA8Hhqq1ejo5%2BbrnSAu%2F3bE%3D,0.225864,3682
997605295,S4A06592_20180415_155900.flac,2018 SJWA-rose-2,2018,4,15,15,59,Agelaius tricolor,Alternative Song 2,39.2213,39.6267,609,7406,12000,(not validated),https://rfcx-streams-production.s3.eu-west-1.amazonaws.com/2018/04/15/gunzylbkp5cs/0298b74e-b783-48c1-9a89-cd57fda1a77e.flac?AWSAccessKeyId=AKIA45B7YWBX7MUJ7QCX&Expires=1764564865&Signature=40PukzWy1rHwYyfztLm0zGRxOy8%3D,0.200024,3682
997605296,S4A06592_20180415_142300.flac,2018 SJWA-rose-2,2018,4,15,14,23,Agelaius tricolor,Alternative Song 2,48.9173,49.3227,609,7406,12000,present,https://rfcx-streams-production.s3.eu-west-1.amazonaws.com/2018/04/15/gunzylbkp5cs/5edf6b8b-df13-4276-2025-44f44befbe95.flac?AWSAccessKeyId=AKIA45B7YWBX7MUJ7QCX&Expires=1764564865&Signature=84dZ0afd4GWoE%2F%2FL%2Br7Ss0BL%2Bu8%3D,0.23952,3682
997605297,S4A06592_20180415_162000.flac,2018 SJWA-rose-2,2018,4,15,16,20,Agelaius tricolor,Alternative Song 2,26.0907,26.496,609,7406,12000,(not validated),https://rfcx-streams-production.s3.eu-west-1.amazonaws.com/2018/04/15/gunzylbkp5cs/bbc5b6e0-28e1-e5d8-e880-9b1d7fae4f7c.flac?AWSAccessKeyId=AKIA45B7YWBX7MUJ7QCX&Expires=1764564865&Signature=5nDQsxHtGddp8o5YCNaOSmlOX%2F8%3D,0.238383,3682
997605298,S4A06592_20180412_095000.flac,2018 SJWA-rose-2,2018,4,12,9,50,Agelaius tricolor,Alternative Song 2,36.3413,36.7467,609,7406,12000,(not validated),https://rfcx-streams-production.s3.eu-west-1.amazonaws.com/2018/04/12/gunzylbkp5cs/e8c8ee26-363d-ed2e-27d0-ad9718781855.flac?AWSAccessKeyId=AKIA45B7YWBX7MUJ7QCX&Expires=1764564865&Signature=5ttht%2FnIy5R8uBe63U%2F293SHJZE%3D,0.238109,3682
997605299,S4A06592_20180412_101100.flac,2018 SJWA-rose-2,2018,4,12,10,11,Agelaius tricolor,Alternative Song 2,52.1493,52.5547,609,7406,12000,(not validated),https://rfcx-streams-production.s3.eu-west-1.amazonaws.com/2018/04/12/gunzylbkp5cs/d8cba1b1-fa40-5732-35ff-6882deacd00c.flac?AWSAccessKeyId=AKIA45B7YWBX7MUJ7QCX&Expires=1764564865&Signature=x4ChoeTYuZLO36OT5a4Zgt5U5Qg%3D,0.205603,3682
997605300,S4A06592_20180412_105300.flac,2018 SJWA-rose-2,2018,4,12,10,53,Agelaius tricolor,Alternative Song 2,22.8053,23.2107,609,7406,12000,(not validated),https://rfcx-streams-production.s3.eu-west-1.amazonaws.com/2018/04/12/gunzylbkp5cs/e06632c5-32a5-9231-cdea-77b4e08fdc1e.flac?AWSAccessKeyId=AKIA45B7YWBX7MUJ7QCX&Expires=1764564865&Signature=3PFdqFKo83Q9TbMGlKR0XSzg11g%3D,0.216502,3682
997605301,S4A06592_20180412_103200.flac,2018 SJWA-rose-2,2018,4,12,10,32,Agelaius tricolor,Alternative Song 2,25.216,25.6213,609,7406,12000,(not validated),https://rfcx-streams-production.s3.eu-west-1.amazonaws.com/2018/04/12/gunzylbkp5cs/48c4d10b-390d-0032-aa5a-5d795ac7cb37.flac?AWSAccessKeyId=AKIA45B7YWBX7MUJ7QCX&Expires=1764564865&Signature=tkpTnEd6bF8e3kpM0aDwOVSJsYo%3D,0.217519,3682
997605302,S4A06592_20180412_111400.flac,2018 SJWA-rose-2,2018,4,12,11,14,Agelaius tricolor,Alternative Song 2,20.4907,20.896,609,7406,12000,(not validated),https://rfcx-streams-production.s3.eu-west-1.amazonaws.com/2018/04/12/gunzylbkp5cs/3b8f6548-c679-9fdf-91fc-f54236c7e663.flac?AWSAccessKeyId=AKIA45B7YWBX7MUJ7QCX&Expires=1764564865&Signature=g1x4xbLxhX1ttbIPWU8R5YJnYSk%3D,0.226444,3682
997605303,S4A06592_20180412_115600.flac,2018 SJWA-rose-2,2018,4,12,11,56,Agelaius tricolor,Alternative Song 2,8.46933,8.87467,609,7406,12000,(not validated),https://rfcx-streams-production.s3.eu-west-1.amazonaws.com/2018/04/12/gunzylbkp5cs/4391e66c-41fa-0289-97f7-10c7b24d5d95.flac?AWSAccessKeyId=AKIA45B7YWBX7MUJ7QCX&Expires=1764564865&Signature=rki6P7NMSeXuqISO7tC%2FAr%2FxxvQ%3D,0.230271,3682
997605304,S4A06592_20180412_121700.flac,2018 SJWA-rose-2,2018,4,12,12,17,Agelaius tricolor,Alternative Song 2,7.43467,7.84,609,7406,12000,(not validated),https://rfcx-streams-production.s3.eu-west-1.amazonaws.com/2018/04/12/gunzylbkp5cs/e2f79cf0-43ee-923e-7175-ed42b36b7866.flac?AWSAccessKeyId=AKIA45B7YWBX7MUJ7QCX&Expires=1764564865&Signature=J6ZfpvJxvfzsTnSOfwLUTmqCY8M%3D,0.21192,3682
997605305,S4A06592_20180412_125900.flac,2018 SJWA-rose-2,2018,4,12,12,59,Agelaius tricolor,Alternative Song 2,58.0053,58.4107,609,7406,12000,(not validated),https://rfcx-streams-production.s3.eu-west-1.amazonaws.com/2018/04/12/gunzylbkp5cs/f7c6a102-b9d8-a514-82be-dfe382601144.flac?AWSAccessKeyId=AKIA45B7YWBX7MUJ7QCX&Expires=1764564865&Signature=BOIjER8NdIMzGoZssdy3pg0uxOM%3D,0.210112,3682
997605306,S4A06592_20180412_134100.flac,2018 SJWA-rose-2,2018,4,12,13,41,Agelaius tricolor,Alternative Song 2,53.9093,54.3147,609,7406,12000,(not validated),https://rfcx-streams-production.s3.eu-west-1.amazonaws.com/2018/04/12/gunzylbkp5cs/db2c0e0b-9524-6c91-86c5-5b099bfb2daf.flac?AWSAccessKeyId=AKIA45B7YWBX7MUJ7QCX&Expires=1764564865&Signature=%2BlYO%2FjwAv7PA8%2BVwnAu8NPk9wE4%3D,0.222036,3682
997605307,S4A06592_20180412_113500.flac,2018 SJWA-rose-2,2018,4,12,11,35,Agelaius tricolor,Alternative Song 2,54.7307,55.136,609,7406,12000,(not validated),https://rfcx-streams-production.s3.eu-west-1.amazonaws.com/2018/04/12/gunzylbkp5cs/84f45fe8-0106-f85d-62fa-423a5fc61c7d.flac?AWSAccessKeyId=AKIA45B7YWBX7MUJ7QCX&Expires=1764564865&Signature=83xjJ466CKjkeOoNc46rxKD%2F9Ng%3D,0.203151,3682
997605308,S4A06592_20180412_132000.flac,2018 SJWA-rose-2,2018,4,12,13,20,Agelaius tricolor,Alternative Song 2,18.5067,18.912,609,7406,12000,(not validated),https://rfcx-streams-production.s3.eu-west-1.amazonaws.com/2018/04/12/gunzylbkp5cs/92fc2b70-54db-e52b-28ee-29378dad55d8.flac?AWSAccessKeyId=AKIA45B7YWBX7MUJ7QCX&Expires=1764564865&Signature=ivnSvDXXWXvo9nXmxVkndQt%2BJRA%3D,0.223065,3682
997605309,S4A06592_20180412_142300.flac,2018 SJWA-rose-2,2018,4,12,14,23,Agelaius tricolor,Alternative Song 2,14.5173,14.9227,609,7406,12000,(not validated),https://rfcx-streams-production.s3.eu-west-1.amazonaws.com/2018/04/12/gunzylbkp5cs/62696a19-b34a-9e9e-72b7-cc313d79fab4.flac?AWSAccessKeyId=AKIA45B7YWBX7MUJ7QCX&Expires=1764564865&Signature=VVPpo50ZDtZDakcgvWN03y1qk0U%3D,0.207581,3682
997605310,S4A06592_20180412_140200.flac,2018 SJWA-rose-2,2018,4,12,14,2,Agelaius tricolor,Alternative Song 2,46.24,46.6453,609,7406,12000,(not validated),https://rfcx-streams-production.s3.eu-west-1.amazonaws.com/2018/04/12/gunzylbkp5cs/ceb6941b-cdc5-98f5-0818-afeba22e54c6.flac?AWSAccessKeyId=AKIA45B7YWBX7MUJ7QCX&Expires=1764564865&Signature=3d3kftpE6Blix46LXe4t%2BB9fikE%3D,0.212596,3682
997605311,S4A06592_20180412_152600.flac,2018 SJWA-rose-2,2018,4,12,15,26,Agelaius tricolor,Alternative Song 2,38.4533,38.8587,609,7406,12000,present,https://rfcx-streams-production.s3.eu-west-1.amazonaws.com/2018/04/12/gunzylbkp5cs/47aa48a7-069c-6330-4e6d-b139999d50bc.flac?AWSAccessKeyId=AKIA45B7YWBX7MUJ7QCX&Expires=1764564865&Signature=z6gPdgecER%2BgNoxbpwSKW9JGIeg%3D,0.223236,3682
997605312,S4A06592_20180412_144400.flac,2018 SJWA-rose-2,2018,4,12,14,44,Agelaius tricolor,Alternative Song 2,28.1813,28.5867,609,7406,12000,(not validated),https://rfcx-streams-production.s3.eu-west-1.amazonaws.com/2018/04/12/gunzylbkp5cs/a1c5e72c-43e1-d065-7588-38ab1656436c.flac?AWSAccessKeyId=AKIA45B7YWBX7MUJ7QCX&Expires=1764564865&Signature=yRy4x2svt0AIQe2y%2BWtuI9yqBRc%3D,0.220393,3682
997605313,S4A06592_20180412_154700.flac,2018 SJWA-rose-2,2018,4,12,15,47,Agelaius tricolor,Alternative Song 2,33.184,33.5893,609,7406,12000,present,https://rfcx-streams-production.s3.eu-west-1.amazonaws.com/2018/04/12/gunzylbkp5cs/07b78966-8fc0-1a22-77d9-cc7ff0d306ae.flac?AWSAccessKeyId=AKIA45B7YWBX7MUJ7QCX&Expires=1764564865&Signature=u4MhKZCq3wsaa8qQx1rgK1H0CfA%3D,0.239849,3682
997605314,S4A06592_20180412_155900.flac,2018 SJWA-rose-2,2018,4,12,15,59,Agelaius tricolor,Alternative Song 2,56.6827,57.088,609,7406,12000,(not validated),https://rfcx-streams-production.s3.eu-west-1.amazonaws.com/2018/04/12/gunzylbkp5cs/af9e5f25-02b3-edc4-fc2f-b7b46e2b00d6.flac?AWSAccessKeyId=AKIA45B7YWBX7MUJ7QCX&Expires=1764564865&Signature=QKxQTrVFycL4Z3bTYlw6jEHYUQA%3D,0.232383,3682
997605315,S4A06592_20180412_172300.flac,2018 SJWA-rose-2,2018,4,12,17,23,Agelaius tricolor,Alternative Song 2,28.3413,28.7467,609,7406,12000,(not validated),https://rfcx-streams-production.s3.eu-west-1.amazonaws.com/2018/04/12/gunzylbkp5cs/924f48a0-36c7-a4b6-a6b2-198110de5091.flac?AWSAccessKeyId=AKIA45B7YWBX7MUJ7QCX&Expires=1764564865&Signature=mUFi8LB60c0MVqexUmP%2FoTmBjQE%3D,0.211771,3682
997605316,S4A06592_20180412_180500.flac,2018 SJWA-rose-2,2018,4,12,18,5,Agelaius tricolor,Alternative Song 2,26.3467,26.752,609,7406,12000,(not validated),https://rfcx-streams-production.s3.eu-west-1.amazonaws.com/2018/04/12/gunzylbkp5cs/63f1f30f-f1f3-abc6-d194-095da24eb6b9.flac?AWSAccessKeyId=AKIA45B7YWBX7MUJ7QCX&Expires=1764564865&Signature=pfYTtvLsLgyJltu4JRwpoVhaDI0%3D,0.206921,3682
997605317,S4A06592_20180412_192900.flac,2018 SJWA-rose-2,2018,4,12,19,29,Agelaius tricolor,Alternative Song 2,1.20533,1.61067,609,7406,12000,(not validated),https://rfcx-streams-production.s3.eu-west-1.amazonaws.com/2018/04/12/gunzylbkp5cs/6f3fff26-958d-857e-450e-1e187cff6ce0.flac?AWSAccessKeyId=AKIA45B7YWBX7MUJ7QCX&Expires=1764564865&Signature=Vua8W76bF6T9BzWMkB2ijDoshZk%3D,0.204302,3682
997605318,S4A06592_20180412_201100.flac,2018 SJWA-rose-2,2018,4,12,20,11,Agelaius tricolor,Alternative Song 2,20.096,20.5013,609,7406,12000,(not validated),https://rfcx-streams-production.s3.eu-west-1.amazonaws.com/2018/04/12/gunzylbkp5cs/be5b6f91-0afa-3313-c94c-8033368348de.flac?AWSAccessKeyId=AKIA45B7YWBX7MUJ7QCX&Expires=1764564865&Signature=alaGP0sBsYntcNJRP2abEI%2F8rgw%3D,0.275246,3682
997605319,S4A06592_20180412_203200.flac,2018 SJWA-rose-2,2018,4,12,20,32,Agelaius tricolor,Alternative Song 2,15.392,15.7973,609,7406,12000,(not validated),https://rfcx-streams-production.s3.eu-west-1.amazonaws.com/2018/04/12/gunzylbkp5cs/b0d5a764-e0d8-b6ff-c33d-389ac0fbf734.flac?AWSAccessKeyId=AKIA45B7YWBX7MUJ7QCX&Expires=1764564865&Signature=YAzcwPyR0J3yhLjy77OAzm6P27c%3D,0.21429,3682
997605320,S4A06592_20180412_211400.flac,2018 SJWA-rose-2,2018,4,12,21,14,Agelaius tricolor,Alternative Song 2,4.13867,4.544,609,7406,12000,(not validated),https://rfcx-streams-production.s3.eu-west-1.amazonaws.com/2018/04/12/gunzylbkp5cs/928e2866-51a5-3c89-14f6-41c7be9a504c.flac?AWSAccessKeyId=AKIA45B7YWBX7MUJ7QCX&Expires=1764564865&Signature=pG1VnCVQPwBSf7gCfs4uTuEEXDA%3D,0.291672,3682
997605321,S4A06592_20180412_195000.flac,2018 SJWA-rose-2,2018,4,12,19,50,Agelaius tricolor,Alternative Song 2,34.8053,35.2107,609,7406,12000,(not validated),https://rfcx-streams-production.s3.eu-west-1.amazonaws.com/2018/04/12/gunzylbkp5cs/9a36e3f7-f5ed-c821-fee0-f855b7cb2955.flac?AWSAccessKeyId=AKIA45B7YWBX7MUJ7QCX&Expires=1764564865&Signature=Z6ByMVII2boF2KoHjmYQUgmqDw8%3D,0.268623,3682
997605322,S4A06592_20180412_215600.flac,2018 SJWA-rose-2,2018,4,12,21,56,Agelaius tricolor,Alternative Song 2,7.488,7.89333,609,7406,12000,(not validated),https://rfcx-streams-production.s3.eu-west-1.amazonaws.com/2018/04/12/gunzylbkp5cs/8c1e2b2f-7cc7-bb45-e0b7-d8f982b771c9.flac?AWSAccessKeyId=AKIA45B7YWBX7MUJ7QCX&Expires=1764564865&Signature=nZrsc4ptXB9ibKyWGMtylISzlXA%3D,0.231922,3682
997605323,S4A06592_20180412_221700.flac,2018 SJWA-rose-2,2018,4,12,22,17,Agelaius tricolor,Alternative Song 2,52.8533,53.2587,609,7406,12000,(not validated),https://rfcx-streams-production.s3.eu-west-1.amazonaws.com/2018/04/12/gunzylbkp5cs/648fa069-b674-88d5-4127-7eedc452e535.flac?AWSAccessKeyId=AKIA45B7YWBX7MUJ7QCX&Expires=1764564865&Signature=O6dyVgmXezFb%2FLfWUT14oznodN4%3D,0.249286,3682
997605324,S4A06592_20180412_205300.flac,2018 SJWA-rose-2,2018,4,12,20,53,Agelaius tricolor,Alternative Song 2,41.984,42.3893,609,7406,12000,(not validated),https://rfcx-streams-production.s3.eu-west-1.amazonaws.com/2018/04/12/gunzylbkp5cs/bc3f9bba-e122-af21-377e-c0d135bb5984.flac?AWSAccessKeyId=AKIA45B7YWBX7MUJ7QCX&Expires=1764564865&Signature=h9xgcUUEsSLsg2UtLcd68gzuSDA%3D,0.2979,3682
997605325,S4A06592_20180412_223800.flac,2018 SJWA-rose-2,2018,4,12,22,38,Agelaius tricolor,Alternative Song 2,48.7573,49.1627,609,7406,12000,(not validated),https://rfcx-streams-production.s3.eu-west-1.amazonaws.com/2018/04/12/gunzylbkp5cs/a27f50a8-b15f-7852-8cf4-f5e419e9cdb7.flac?AWSAccessKeyId=AKIA45B7YWBX7MUJ7QCX&Expires=1764564865&Signature=65ScwtdtIpg%2BRIIHtkBQprTVcsw%3D,0.238399,3682
997605326,S4A06592_20180412_225900.flac,2018 SJWA-rose-2,2018,4,12,22,59,Agelaius tricolor,Alternative Song 2,47.6053,48.0107,609,7406,12000,(not validated),https://rfcx-streams-production.s3.eu-west-1.amazonaws.com/2018/04/12/gunzylbkp5cs/dae9b9e8-91d6-5911-21da-f511f0d88ae5.flac?AWSAccessKeyId=AKIA45B7YWBX7MUJ7QCX&Expires=1764564865&Signature=M2xsOejTAPXlPQf8FL1kdR992KU%3D,0.283517,3682
997605327,S4A06592_20180412_213500.flac,2018 SJWA-rose-2,2018,4,12,21,35,Agelaius tricolor,Alternative Song 2,2.51733,2.92267,609,7406,12000,(not validated),https://rfcx-streams-production.s3.eu-west-1.amazonaws.com/2018/04/12/gunzylbkp5cs/1e858785-849e-2358-a38e-8cbd20d743a9.flac?AWSAccessKeyId=AKIA45B7YWBX7MUJ7QCX&Expires=1764564865&Signature=mhwK5jgYQU5Ac10SgVrELOMUSmg%3D,0.353946,3682
997605328,S4A06592_20180412_232000.flac,2018 SJWA-rose-2,2018,4,12,23,20,Agelaius tricolor,Alternative Song 2,51.4987,51.904,609,7406,12000,(not validated),https://rfcx-streams-production.s3.eu-west-1.amazonaws.com/2018/04/12/gunzylbkp5cs/ef08c439-cb12-3818-8c70-42b8410d3b0e.flac?AWSAccessKeyId=AKIA45B7YWBX7MUJ7QCX&Expires=1764564865&Signature=18uFTfCfLfJSbRl3%2FwPR4XZgdL0%3D,0.28887,3682
997605329,S4A06592_20180412_234100.flac,2018 SJWA-rose-2,2018,4,12,23,41,Agelaius tricolor,Alternative Song 2,48.5973,49.0027,609,7406,12000,(not validated),https://rfcx-streams-production.s3.eu-west-1.amazonaws.com/2018/04/12/gunzylbkp5cs/bf16001a-5b33-696a-4049-394a5953d121.flac?AWSAccessKeyId=AKIA45B7YWBX7MUJ7QCX&Expires=1764564865&Signature=LHKKCksWY7e2LeiBcoYI6GXa85M%3D,0.28335,3682
997605330,S4A06592_20180413_002300.flac,2018 SJWA-rose-2,2018,4,13,0,23,Agelaius tricolor,Alternative Song 2,0.896,1.30133,609,7406,12000,(not validated),https://rfcx-streams-production.s3.eu-west-1.amazonaws.com/2018/04/12/gunzylbkp5cs/9a97f1a7-9f07-6d47-ee99-2f5f7254a7c8.flac?AWSAccessKeyId=AKIA45B7YWBX7MUJ7QCX&Expires=1764564865&Signature=WZAanVCRSUKld7klyDL43u%2FZWJ0%3D,0.25955,3682
997605331,S4A06592_20180413_000200.flac,2018 SJWA-rose-2,2018,4,13,0,2,Agelaius tricolor,Alternative Song 2,54.5387,54.944,609,7406,12000,(not validated),https://rfcx-streams-production.s3.eu-west-1.amazonaws.com/2018/04/12/gunzylbkp5cs/919f4de6-3d8f-9443-0276-3280e2184274.flac?AWSAccessKeyId=AKIA45B7YWBX7MUJ7QCX&Expires=1764564865&Signature=E0STWyps2xRaM2DGRZZPNak2W3E%3D,0.27226,3682
997605332,S4A06592_20180413_010500.flac,2018 SJWA-rose-2,2018,4,13,1,5,Agelaius tricolor,Alternative Song 2,50.816,51.2213,609,7406,12000,(not validated),https://rfcx-streams-production.s3.eu-west-1.amazonaws.com/2018/04/12/gunzylbkp5cs/3e71b312-76c9-8eea-e64c-0738f38aaab8.flac?AWSAccessKeyId=AKIA45B7YWBX7MUJ7QCX&Expires=1764564865&Signature=PHGJcNXD%2FqLMtBYuSb%2Bgyt4j9JM%3D,0.25709,3682
997605333,S4A06592_20180413_020800.flac,2018 SJWA-rose-2,2018,4,13,2,8,Agelaius tricolor,Alternative Song 2,23.1147,23.52,609,7406,12000,(not validated),https://rfcx-streams-production.s3.eu-west-1.amazonaws.com/2018/04/12/gunzylbkp5cs/2319d259-0165-1f2b-973c-6489710432c0.flac?AWSAccessKeyId=AKIA45B7YWBX7MUJ7QCX&Expires=1764564865&Signature=0UCLwEOy%2FCJxOxZP2us%2FwatAm0I%3D,0.306622,3682
997605334,S4A06592_20180413_022900.flac,2018 SJWA-rose-2,2018,4,13,2,29,Agelaius tricolor,Alternative Song 2,37.3013,37.7067,609,7406,12000,(not validated),https://rfcx-streams-production.s3.eu-west-1.amazonaws.com/2018/04/12/gunzylbkp5cs/3f45382c-3eca-44d8-f25b-0506bd45d659.flac?AWSAccessKeyId=AKIA45B7YWBX7MUJ7QCX&Expires=1764564865&Signature=CMncqLSiqwjhdWQ2K3YrdZmeyOw%3D,0.204865,3682
997605335,S4A06592_20180413_012600.flac,2018 SJWA-rose-2,2018,4,13,1,26,Agelaius tricolor,Alternative Song 2,57.6427,58.048,609,7406,12000,(not validated),https://rfcx-streams-production.s3.eu-west-1.amazonaws.com/2018/04/12/gunzylbkp5cs/f05c22e0-fd41-d2ca-f1ea-ed7866289f5e.flac?AWSAccessKeyId=AKIA45B7YWBX7MUJ7QCX&Expires=1764564865&Signature=xnztsuEN6n1dzfg6sMxJBuDrQTQ%3D,0.246826,3682
997605336,S4A06592_20180413_014700.flac,2018 SJWA-rose-2,2018,4,13,1,47,Agelaius tricolor,Alternative Song 2,30.656,31.0613,609,7406,12000,(not validated),https://rfcx-streams-production.s3.eu-west-1.amazonaws.com/2018/04/12/gunzylbkp5cs/e75047cc-0c19-f9ef-8f7b-effadb09348f.flac?AWSAccessKeyId=AKIA45B7YWBX7MUJ7QCX&Expires=1764564865&Signature=7uxCS4ev8Agw5Q8JjK69SrCYtLQ%3D,0.290661,3682
997605337,S4A06592_20180413_031100.flac,2018 SJWA-rose-2,2018,4,13,3,11,Agelaius tricolor,Alternative Song 2,46.8267,47.232,609,7406,12000,(not validated),https://rfcx-streams-production.s3.eu-west-1.amazonaws.com/2018/04/12/gunzylbkp5cs/de61aec0-f99c-060d-b5e4-99422211d567.flac?AWSAccessKeyId=AKIA45B7YWBX7MUJ7QCX&Expires=1764564865&Signature=dSWc6tbZQlvNedqK%2BRCivfHC%2Bqk%3D,0.22552,3682
997605338,S4A06592_20180413_033200.flac,2018 SJWA-rose-2,2018,4,13,3,32,Agelaius tricolor,Alternative Song 2,56.32,56.7253,609,7406,12000,(not validated),https://rfcx-streams-production.s3.eu-west-1.amazonaws.com/2018/04/12/gunzylbkp5cs/d6e086dc-aa1b-158e-eaf0-7ce6fb9b5a60.flac?AWSAccessKeyId=AKIA45B7YWBX7MUJ7QCX&Expires=1764564865&Signature=%2FkfNWt4FM3IGAwW7DcYzsXe5gG0%3D,0.207714,3682
997605339,S4A06592_20180413_035300.flac,2018 SJWA-rose-2,2018,4,13,3,53,Agelaius tricolor,Alternative Song 2,0.469333,0.874667,609,7406,12000,(not validated),https://rfcx-streams-production.s3.eu-west-1.amazonaws.com/2018/04/12/gunzylbkp5cs/92241337-0535-597b-fb69-ad85ddaff7a4.flac?AWSAccessKeyId=AKIA45B7YWBX7MUJ7QCX&Expires=1764564865&Signature=yiJrjNnrOeqLxMDI9gmR8CighHg%3D,0.227283,3682
997605340,S4A06592_20180413_041400.flac,2018 SJWA-rose-2,2018,4,13,4,14,Agelaius tricolor,Alternative Song 2,53.3973,53.8027,609,7406,12000,(not validated),https://rfcx-streams-production.s3.eu-west-1.amazonaws.com/2018/04/12/gunzylbkp5cs/6cf6ee5b-67cc-f6dd-55fd-5392e765f2b7.flac?AWSAccessKeyId=AKIA45B7YWBX7MUJ7QCX&Expires=1764564865&Signature=fgLmL4D7y226upsoF%2BIK4ca9Rpw%3D,0.290666,3682
997605341,S4A06592_20180413_025000.flac,2018 SJWA-rose-2,2018,4,13,2,50,Agelaius tricolor,Alternative Song 2,41.8773,42.2827,609,7406,12000,(not validated),https://rfcx-streams-production.s3.eu-west-1.amazonaws.com/2018/04/12/gunzylbkp5cs/319810f7-4b4e-fee1-a471-3d16723e6126.flac?AWSAccessKeyId=AKIA45B7YWBX7MUJ7QCX&Expires=1764564865&Signature=xWepWvMhMQaLNamgu1lOod8%2BLfE%3D,0.304085,3682
997605342,S4A06592_20180413_045600.flac,2018 SJWA-rose-2,2018,4,13,4,56,Agelaius tricolor,Alternative Song 2,13.0453,13.4507,609,7406,12000,(not validated),https://rfcx-streams-production.s3.eu-west-1.amazonaws.com/2018/04/12/gunzylbkp5cs/8b2c1a57-6a63-86d7-78a0-952a8c5e2176.flac?AWSAccessKeyId=AKIA45B7YWBX7MUJ7QCX&Expires=1764564865&Signature=CMjC1zr908F3WfKx05J9d5qGcHw%3D,0.321847,3682
997605343,S4A06592_20180413_053800.flac,2018 SJWA-rose-2,2018,4,13,5,38,Agelaius tricolor,Alternative Song 2,35.808,36.2133,609,7406,12000,(not validated),https://rfcx-streams-production.s3.eu-west-1.amazonaws.com/2018/04/12/gunzylbkp5cs/d59af45e-c1b7-6d8c-f027-be72171a05f6.flac?AWSAccessKeyId=AKIA45B7YWBX7MUJ7QCX&Expires=1764564865&Signature=XAw%2B7rhOaqLiO85yUATparZP8t0%3D,0.218822,3682
997605344,S4A06592_20180413_070200.flac,2018 SJWA-rose-2,2018,4,13,7,2,Agelaius tricolor,Alternative Song 2,34.3787,34.784,609,7406,12000,(not validated),https://rfcx-streams-production.s3.eu-west-1.amazonaws.com/2018/04/13/gunzylbkp5cs/aa26af77-036f-f8d7-2be3-35f940810002.flac?AWSAccessKeyId=AKIA45B7YWBX7MUJ7QCX&Expires=1764564865&Signature=Bh0ZPXYv3df6MX0AaCQh%2B2AXVSo%3D,0.202639,3682
997605345,S4A06592_20180413_072300.flac,2018 SJWA-rose-2,2018,4,13,7,23,Agelaius tricolor,Alternative Song 2,55.5413,55.9467,609,7406,12000,(not validated),https://rfcx-streams-production.s3.eu-west-1.amazonaws.com/2018/04/13/gunzylbkp5cs/25e7eb8d-e03f-e064-5789-8d105878ee85.flac?AWSAccessKeyId=AKIA45B7YWBX7MUJ7QCX&Expires=1764564865&Signature=vzQuvlymFwKjsjzSOXNt%2F84sRuU%3D,0.208042,3682
997605346,S4A06592_20180413_064100.flac,2018 SJWA-rose-2,2018,4,13,6,41,Agelaius tricolor,Alternative Song 2,4,4.40533,609,7406,12000,(not validated),https://rfcx-streams-production.s3.eu-west-1.amazonaws.com/2018/04/12/gunzylbkp5cs/50659f1f-2a49-6346-7013-3625acc87b51.flac?AWSAccessKeyId=AKIA45B7YWBX7MUJ7QCX&Expires=1764564865&Signature=AQ0b61lzslHZbj16BTe%2B%2BHM03FY%3D,0.242923,3682
997605347,S4A06592_20180413_043500.flac,2018 SJWA-rose-2,2018,4,13,4,35,Agelaius tricolor,Alternative Song 2,8.91733,9.32267,609,7406,12000,(not validated),https://rfcx-streams-production.s3.eu-west-1.amazonaws.com/2018/04/12/gunzylbkp5cs/f481700b-8b31-10fc-c703-7ea1b7d86668.flac?AWSAccessKeyId=AKIA45B7YWBX7MUJ7QCX&Expires=1764564865&Signature=QEpMxMC5Ef2DSwy4BgPZkWoleL8%3D,0.315501,3682
997605348,S4A06592_20180413_051700.flac,2018 SJWA-rose-2,2018,4,13,5,17,Agelaius tricolor,Alternative Song 2,41.888,42.2933,609,7406,12000,(not validated),https://rfcx-streams-production.s3.eu-west-1.amazonaws.com/2018/04/12/gunzylbkp5cs/745b80d3-033e-5bb6-c02f-dc3b7261897e.flac?AWSAccessKeyId=AKIA45B7YWBX7MUJ7QCX&Expires=1764564865&Signature=kMDGD%2FAHdmdO29BXC0YwyGwIipw%3D,0.297132,3682
997605349,S4A06592_20180413_084700.flac,2018 SJWA-rose-2,2018,4,13,8,47,Agelaius tricolor,Alternative Song 2,51.264,51.6693,609,7406,12000,(not validated),https://rfcx-streams-production.s3.eu-west-1.amazonaws.com/2018/04/13/gunzylbkp5cs/2d01b7bb-a08d-3ea0-c160-04b77e522de2.flac?AWSAccessKeyId=AKIA45B7YWBX7MUJ7QCX&Expires=1764564865&Signature=5SMaq7lSsH%2BSRz0%2BOZV0gU1ujwM%3D,0.221083,3682
997605350,S4A06592_20180413_101100.flac,2018 SJWA-rose-2,2018,4,13,10,11,Agelaius tricolor,Alternative Song 2,39.136,39.5413,609,7406,12000,(not validated),https://rfcx-streams-production.s3.eu-west-1.amazonaws.com/2018/04/13/gunzylbkp5cs/9b42957f-3679-e34e-4fae-84ef9c537248.flac?AWSAccessKeyId=AKIA45B7YWBX7MUJ7QCX&Expires=1764564865&Signature=kcnU%2F1pqsCqkFqUIwrf02qwcjV0%3D,0.202522,3682
997605351,S4A06592_20180413_105300.flac,2018 SJWA-rose-2,2018,4,13,10,53,Agelaius tricolor,Alternative Song 2,32.9067,33.312,609,7406,12000,(not validated),https://rfcx-streams-production.s3.eu-west-1.amazonaws.com/2018/04/13/gunzylbkp5cs/0360a72f-dfba-0e49-dd97-270ec6ee5775.flac?AWSAccessKeyId=AKIA45B7YWBX7MUJ7QCX&Expires=1764564865&Signature=gxeGj740EFTK6sGTOLzM27K%2BV7g%3D,0.200035,3682
997605352,S4A06592_20180413_113500.flac,2018 SJWA-rose-2,2018,4,13,11,35,Agelaius tricolor,Alternative Song 2,29.0773,29.4827,609,7406,12000,(not validated),https://rfcx-streams-production.s3.eu-west-1.amazonaws.com/2018/04/13/gunzylbkp5cs/35e28d26-2ebc-7532-9b1d-6a65f84566b6.flac?AWSAccessKeyId=AKIA45B7YWBX7MUJ7QCX&Expires=1764564865&Signature=yyYXF%2BNfg2VnM%2BDLPbotlWcwvCo%3D,0.232092,3682
997605353,S4A06592_20180413_111400.flac,2018 SJWA-rose-2,2018,4,13,11,14,Agelaius tricolor,Alternative Song 2,13.8453,14.2507,609,7406,12000,(not validated),https://rfcx-streams-production.s3.eu-west-1.amazonaws.com/2018/04/13/gunzylbkp5cs/b64c6259-d06c-4686-9fea-37e45d5da535.flac?AWSAccessKeyId=AKIA45B7YWBX7MUJ7QCX&Expires=1764564865&Signature=oZuSFhRbzbvGXr78UpoKTfQlqGc%3D,0.210452,3682
997605354,S4A06592_20180413_115600.flac,2018 SJWA-rose-2,2018,4,13,11,56,Agelaius tricolor,Alternative Song 2,17.4507,17.856,609,7406,12000,(not validated),https://rfcx-streams-production.s3.eu-west-1.amazonaws.com/2018/04/13/gunzylbkp5cs/fcf4cc1c-aa7b-7fc7-595d-272d3425e401.flac?AWSAccessKeyId=AKIA45B7YWBX7MUJ7QCX&Expires=1764564865&Signature=dcl3b3hzSNMGWfCk7OsN6v7RoJU%3D,0.202387,3682
997605355,S4A06592_20180413_123800.flac,2018 SJWA-rose-2,2018,4,13,12,38,Agelaius tricolor,Alternative Song 2,41.408,41.8133,609,7406,12000,(not validated),https://rfcx-streams-production.s3.eu-west-1.amazonaws.com/2018/04/13/gunzylbkp5cs/cf10f336-3462-1920-8deb-4e45582792df.flac?AWSAccessKeyId=AKIA45B7YWBX7MUJ7QCX&Expires=1764564865&Signature=4GfPeRPvlxIfCbR3gVMfOoDBbi0%3D,0.201738,3682
997605356,S4A06592_20180413_125900.flac,2018 SJWA-rose-2,2018,4,13,12,59,Agelaius tricolor,Alternative Song 2,46.8693,47.2747,609,7406,12000,(not validated),https://rfcx-streams-production.s3.eu-west-1.amazonaws.com/2018/04/13/gunzylbkp5cs/4c6fd1f9-a71f-ddcf-7bd3-3d1f76145df9.flac?AWSAccessKeyId=AKIA45B7YWBX7MUJ7QCX&Expires=1764564865&Signature=fQNUZXNIkIQlu%2F48yj9wLcL5WuE%3D,0.215879,3682
997605357,S4A06592_20180413_140200.flac,2018 SJWA-rose-2,2018,4,13,14,2,Agelaius tricolor,Alternative Song 2,47.1147,47.52,609,7406,12000,(not validated),https://rfcx-streams-production.s3.eu-west-1.amazonaws.com/2018/04/13/gunzylbkp5cs/be1666cc-ae30-2968-3215-a9719a82eb52.flac?AWSAccessKeyId=AKIA45B7YWBX7MUJ7QCX&Expires=1764564865&Signature=D19okGnm%2Ff6rhxu81ovhR8jvV%2FM%3D,0.202351,3682
997605358,S4A06592_20180413_132000.flac,2018 SJWA-rose-2,2018,4,13,13,20,Agelaius tricolor,Alternative Song 2,21.1413,21.5467,609,7406,12000,(not validated),https://rfcx-streams-production.s3.eu-west-1.amazonaws.com/2018/04/13/gunzylbkp5cs/4a64ec83-8781-8fd3-213e-2fde337cb746.flac?AWSAccessKeyId=AKIA45B7YWBX7MUJ7QCX&Expires=1764564865&Signature=6R%2FItUAw6YGvdMxJXD2oY3lWqyo%3D,0.204081,3682
997605359,S4A06592_20180413_150500.flac,2018 SJWA-rose-2,2018,4,13,15,5,Agelaius tricolor,Alternative Song 2,58.8907,59.296,609,7406,12000,(not validated),https://rfcx-streams-production.s3.eu-west-1.amazonaws.com/2018/04/13/gunzylbkp5cs/271aaec0-497f-ce23-4f63-c99ad9878a83.flac?AWSAccessKeyId=AKIA45B7YWBX7MUJ7QCX&Expires=1764564865&Signature=Xq0RdS1zf%2FcCrIOhNrZO7u8s5TI%3D,0.238351,3682
997605360,S4A06592_20180413_144400.flac,2018 SJWA-rose-2,2018,4,13,14,44,Agelaius tricolor,Alternative Song 2,55.008,55.4133,609,7406,12000,(not validated),https://rfcx-streams-production.s3.eu-west-1.amazonaws.com/2018/04/13/gunzylbkp5cs/2d0818af-688d-9604-2644-902098bbf367.flac?AWSAccessKeyId=AKIA45B7YWBX7MUJ7QCX&Expires=1764564865&Signature=Y%2FKXVGv7IotBfvuCd2OtdmjVOY8%3D,0.217642,3682
997605361,S4A06592_20180413_152600.flac,2018 SJWA-rose-2,2018,4,13,15,26,Agelaius tricolor,Alternative Song 2,48.3733,48.7787,609,7406,12000,(not validated),https://rfcx-streams-production.s3.eu-west-1.amazonaws.com/2018/04/13/gunzylbkp5cs/72300a5a-292a-83bf-2b20-2a9b903d7ee0.flac?AWSAccessKeyId=AKIA45B7YWBX7MUJ7QCX&Expires=1764564865&Signature=ZX5sisix20BLOFQ5TsNkEtfCCW0%3D,0.25082,3682
997605362,S4A06592_20180413_142300.flac,2018 SJWA-rose-2,2018,4,13,14,23,Agelaius tricolor,Alternative Song 2,57.952,58.3573,609,7406,12000,(not validated),https://rfcx-streams-production.s3.eu-west-1.amazonaws.com/2018/04/13/gunzylbkp5cs/37a0b30e-9476-1bf6-748a-2838b63cace4.flac?AWSAccessKeyId=AKIA45B7YWBX7MUJ7QCX&Expires=1764564865&Signature=Oeaq3hpkP7u0DkQUK80O065dEU4%3D,0.244332,3682
997605363,S4A06592_20180413_154700.flac,2018 SJWA-rose-2,2018,4,13,15,47,Agelaius tricolor,Alternative Song 2,21.152,21.5573,609,7406,12000,(not validated),https://rfcx-streams-production.s3.eu-west-1.amazonaws.com/2018/04/13/gunzylbkp5cs/be17f3c8-4f8c-4066-b5bc-ceded950d1e3.flac?AWSAccessKeyId=AKIA45B7YWBX7MUJ7QCX&Expires=1764564865&Signature=sK0zJfv30VyUjd0k79X%2BGsUyt4c%3D,0.210487,3682
997605364,S4A06592_20180413_155900.flac,2018 SJWA-rose-2,2018,4,13,15,59,Agelaius tricolor,Alternative Song 2,11.6907,12.096,609,7406,12000,(not validated),https://rfcx-streams-production.s3.eu-west-1.amazonaws.com/2018/04/13/gunzylbkp5cs/39f68e4b-1160-213d-ac8e-dc6c0a9aa963.flac?AWSAccessKeyId=AKIA45B7YWBX7MUJ7QCX&Expires=1764564865&Signature=xdLWBHuEcPC9E7YZ5LTEPlCjvQM%3D,0.220802,3682
997605365,S4A06592_20180413_162000.flac,2018 SJWA-rose-2,2018,4,13,16,20,Agelaius tricolor,Alternative Song 2,20.3733,20.7787,609,7406,12000,(not validated),https://rfcx-streams-production.s3.eu-west-1.amazonaws.com/2018/04/13/gunzylbkp5cs/010cdc9b-0981-b568-7510-cab9a5b86445.flac?AWSAccessKeyId=AKIA45B7YWBX7MUJ7QCX&Expires=1764564865&Signature=JbtuLKdRqh7%2FkWmmnUJ07zkXAC8%3D,0.212076,3682
997605366,S4A06592_20180413_180500.flac,2018 SJWA-rose-2,2018,4,13,18,5,Agelaius tricolor,Alternative Song 2,31.3067,31.712,609,7406,12000,(not validated),https://rfcx-streams-production.s3.eu-west-1.amazonaws.com/2018/04/13/gunzylbkp5cs/cc6cd307-daba-f613-0e99-803f2590f834.flac?AWSAccessKeyId=AKIA45B7YWBX7MUJ7QCX&Expires=1764564865&Signature=LZ1xlb4%2B8XbloZ6yMy6b1qxAq%2Bs%3D,0.217335,3682
997605367,S4A06592_20180413_174400.flac,2018 SJWA-rose-2,2018,4,13,17,44,Agelaius tricolor,Alternative Song 2,13.6,14.0053,609,7406,12000,(not validated),https://rfcx-streams-production.s3.eu-west-1.amazonaws.com/2018/04/13/gunzylbkp5cs/d5c35293-da7e-598a-7986-87e6286b615a.flac?AWSAccessKeyId=AKIA45B7YWBX7MUJ7QCX&Expires=1764564865&Signature=TbCRVWOySzSwa4fFwQQB0375Fck%3D,0.209008,3682
997605368,S4A06592_20180413_170200.flac,2018 SJWA-rose-2,2018,4,13,17,2,Agelaius tricolor,Alternative Song 2,28.512,28.9173,609,7406,12000,(not validated),https://rfcx-streams-production.s3.eu-west-1.amazonaws.com/2018/04/13/gunzylbkp5cs/7e675226-4297-3a03-ca63-0bd341b6c380.flac?AWSAccessKeyId=AKIA45B7YWBX7MUJ7QCX&Expires=1764564865&Signature=uafnnm7gAWPvL14BTP7aHUHbLvw%3D,0.201481,3682
997605369,S4A06592_20180413_182600.flac,2018 SJWA-rose-2,2018,4,13,18,26,Agelaius tricolor,Alternative Song 2,54.784,55.1893,609,7406,12000,(not validated),https://rfcx-streams-production.s3.eu-west-1.amazonaws.com/2018/04/13/gunzylbkp5cs/d0d0f0f5-8bd5-98a1-165a-85a8dea448f4.flac?AWSAccessKeyId=AKIA45B7YWBX7MUJ7QCX&Expires=1764564865&Signature=J6jdO9lOK2Y5j0%2FByiVs5oPoLys%3D,0.20901,3682
997605370,S4A06592_20180413_172300.flac,2018 SJWA-rose-2,2018,4,13,17,23,Agelaius tricolor,Alternative Song 2,54.1013,54.5067,609,7406,12000,(not validated),https://rfcx-streams-production.s3.eu-west-1.amazonaws.com/2018/04/13/gunzylbkp5cs/eb8bbcb9-0798-2c9f-9820-af7e2f892194.flac?AWSAccessKeyId=AKIA45B7YWBX7MUJ7QCX&Expires=1764564865&Signature=KX2S64Miu9wxc8o6v6BaAxAudMs%3D,0.2376,3682
997605371,S4A06592_20180413_184700.flac,2018 SJWA-rose-2,2018,4,13,18,47,Agelaius tricolor,Alternative Song 2,39.9573,40.3627,609,7406,12000,present,https://rfcx-streams-production.s3.eu-west-1.amazonaws.com/2018/04/13/gunzylbkp5cs/4e7f7293-efe5-38c5-96e9-b502c68f04a7.flac?AWSAccessKeyId=AKIA45B7YWBX7MUJ7QCX&Expires=1764564865&Signature=GFexlEoQmnpzchDtHaOruY4IwbU%3D,0.269952,3682
997605372,S4A06592_20180413_190800.flac,2018 SJWA-rose-2,2018,4,13,19,8,Agelaius tricolor,Alternative Song 2,37.3867,37.792,609,7406,12000,(not validated),https://rfcx-streams-production.s3.eu-west-1.amazonaws.com/2018/04/13/gunzylbkp5cs/fce6d4b9-97ac-1217-f910-9d29db44512b.flac?AWSAccessKeyId=AKIA45B7YWBX7MUJ7QCX&Expires=1764564865&Signature=w9GplsZQya9xT2xdFQnNAfhZDFc%3D,0.236574,3682
997605373,S4A06592_20180413_195000.flac,2018 SJWA-rose-2,2018,4,13,19,50,Agelaius tricolor,Alternative Song 2,37.2267,37.632,609,7406,12000,(not validated),https://rfcx-streams-production.s3.eu-west-1.amazonaws.com/2018/04/13/gunzylbkp5cs/fe16ba7b-b15a-b6fb-1f47-f562bc06a5f3.flac?AWSAccessKeyId=AKIA45B7YWBX7MUJ7QCX&Expires=1764564865&Signature=XXXDUWayQIQtXXo2xqSPGWSnBJo%3D,0.210761,3682
997605374,S4A06592_20180413_201100.flac,2018 SJWA-rose-2,2018,4,13,20,11,Agelaius tricolor,Alternative Song 2,0.096,0.501333,609,7406,12000,(not validated),https://rfcx-streams-production.s3.eu-west-1.amazonaws.com/2018/04/13/gunzylbkp5cs/c9d31819-1a27-da1a-3240-ef185b42b36c.flac?AWSAccessKeyId=AKIA45B7YWBX7MUJ7QCX&Expires=1764564865&Signature=MgSPee19G%2BZbruXEqBtVPcB8Uas%3D,0.286372,3682
997605375,S4A06592_20180413_215600.flac,2018 SJWA-rose-2,2018,4,13,21,56,Agelaius tricolor,Alternative Song 2,10.6773,11.0827,609,7406,12000,(not validated),https://rfcx-streams-production.s3.eu-west-1.amazonaws.com/2018/04/13/gunzylbkp5cs/e852a35f-8850-cc16-effa-290248b19c9c.flac?AWSAccessKeyId=AKIA45B7YWBX7MUJ7QCX&Expires=1764564865&Signature=GlHZEZeNIJn%2F%2FgQkJq32zoH%2BhmA%3D,0.248342,3682
997605376,S4A06592_20180413_223800.flac,2018 SJWA-rose-2,2018,4,13,22,38,Agelaius tricolor,Alternative Song 2,47.3387,47.744,609,7406,12000,(not validated),https://rfcx-streams-production.s3.eu-west-1.amazonaws.com/2018/04/13/gunzylbkp5cs/3c553a7c-2938-704d-02c7-6d6441fad207.flac?AWSAccessKeyId=AKIA45B7YWBX7MUJ7QCX&Expires=1764564865&Signature=potUGZ1cFwIBdCjLQ%2B7issrQ4e0%3D,0.206918,3682
997605377,S4A06592_20180413_232000.flac,2018 SJWA-rose-2,2018,4,13,23,20,Agelaius tricolor,Alternative Song 2,26.6133,27.0187,609,7406,12000,(not validated),https://rfcx-streams-production.s3.eu-west-1.amazonaws.com/2018/04/13/gunzylbkp5cs/c9d0d863-26c0-bb28-4804-c3245f2f41db.flac?AWSAccessKeyId=AKIA45B7YWBX7MUJ7QCX&Expires=1764564865&Signature=ctQuTB6QHFnOSaqwpNq6Q6E8o1c%3D,0.295863,3682
997605378,S4A06592_20180413_234100.flac,2018 SJWA-rose-2,2018,4,13,23,41,Agelaius tricolor,Alternative Song 2,9.088,9.49333,609,7406,12000,(not validated),https://rfcx-streams-production.s3.eu-west-1.amazonaws.com/2018/04/13/gunzylbkp5cs/860f31b2-0f27-8f4a-9503-8f05473f58d0.flac?AWSAccessKeyId=AKIA45B7YWBX7MUJ7QCX&Expires=1764564865&Signature=PTRLWWrp6QwqLTZiOLw9hHPL3a4%3D,0.221317,3682
997605379,S4A06592_20180425_172300.flac,2018 SJWA-rose-2,2018,4,25,17,23,Agelaius tricolor,Alternative Song 2,2.41067,2.816,609,7406,12000,(not validated),https://rfcx-streams-production.s3.eu-west-1.amazonaws.com/2018/04/25/gunzylbkp5cs/1fbcba34-a3d6-048f-2cc8-2daac2866da6.flac?AWSAccessKeyId=AKIA45B7YWBX7MUJ7QCX&Expires=1764564865&Signature=UM0bGK2JSAq1wkliE2RyeDQUQkI%3D,0.205191,3682
997605380,S4A06592_20180425_182600.flac,2018 SJWA-rose-2,2018,4,25,18,26,Agelaius tricolor,Alternative Song 2,9.024,9.42933,609,7406,12000,(not validated),https://rfcx-streams-production.s3.eu-west-1.amazonaws.com/2018/04/25/gunzylbkp5cs/dcb2571b-068d-c539-e811-84f4d89c2b75.flac?AWSAccessKeyId=AKIA45B7YWBX7MUJ7QCX&Expires=1764564865&Signature=RnZxZe06Wvu6nkcuuHUglkvwmj0%3D,0.37592,3682
997605381,S4A06592_20180425_195000.flac,2018 SJWA-rose-2,2018,4,25,19,50,Agelaius tricolor,Alternative Song 2,39.1467,39.552,609,7406,12000,(not validated),https://rfcx-streams-production.s3.eu-west-1.amazonaws.com/2018/04/25/gunzylbkp5cs/166e366f-c571-dbc2-43f8-ff369992a257.flac?AWSAccessKeyId=AKIA45B7YWBX7MUJ7QCX&Expires=1764564865&Signature=ZfiQJsfRTEEzPsX9Dora60xwvNk%3D,0.265666,3682
997605382,S4A06592_20180425_184700.flac,2018 SJWA-rose-2,2018,4,25,18,47,Agelaius tricolor,Alternative Song 2,56.16,56.5653,609,7406,12000,(not validated),https://rfcx-streams-production.s3.eu-west-1.amazonaws.com/2018/04/25/gunzylbkp5cs/2729f854-464c-3521-ae81-00058d3c2e4b.flac?AWSAccessKeyId=AKIA45B7YWBX7MUJ7QCX&Expires=1764564865&Signature=Z8jd3UTKZKpJdU6f%2FvCnx7JdsGs%3D,0.25466,3682
997605383,S4A06592_20180425_192900.flac,2018 SJWA-rose-2,2018,4,25,19,29,Agelaius tricolor,Alternative Song 2,12.1493,12.5547,609,7406,12000,(not validated),https://rfcx-streams-production.s3.eu-west-1.amazonaws.com/2018/04/25/gunzylbkp5cs/931fb187-7743-15fe-cfce-926bed6ab679.flac?AWSAccessKeyId=AKIA45B7YWBX7MUJ7QCX&Expires=1764564865&Signature=ai0HiIm4Md%2FXNKivfjWT1puY%2BYY%3D,0.236822,3682
997605384,S4A06592_20180426_000200.flac,2018 SJWA-rose-2,2018,4,26,0,2,Agelaius tricolor,Alternative Song 2,6.06933,6.47467,609,7406,12000,(not validated),https://rfcx-streams-production.s3.eu-west-1.amazonaws.com/2018/04/25/gunzylbkp5cs/4bf306fe-0463-df6d-2d73-f9e057a5d093.flac?AWSAccessKeyId=AKIA45B7YWBX7MUJ7QCX&Expires=1764564865&Signature=WufC5Dc%2Bs6%2Ffw77ob3yFSca2vAw%3D,0.229465,3682
997605385,S4A06592_20180426_010500.flac,2018 SJWA-rose-2,2018,4,26,1,5,Agelaius tricolor,Alternative Song 2,58.8267,59.232,609,7406,12000,(not validated),https://rfcx-streams-production.s3.eu-west-1.amazonaws.com/2018/04/25/gunzylbkp5cs/3c9ee6fd-c5ab-b790-d2e8-a0e0e2228c9c.flac?AWSAccessKeyId=AKIA45B7YWBX7MUJ7QCX&Expires=1764564865&Signature=7LoNj5KfWyqhh%2BI07W5VKKQmbsk%3D,0.200482,3682
997605386,S4A06592_20180426_012600.flac,2018 SJWA-rose-2,2018,4,26,1,26,Agelaius tricolor,Alternative Song 2,22.8267,23.232,609,7406,12000,(not validated),https://rfcx-streams-production.s3.eu-west-1.amazonaws.com/2018/04/25/gunzylbkp5cs/3d54facb-5475-156a-a2f1-75238cae5b96.flac?AWSAccessKeyId=AKIA45B7YWBX7MUJ7QCX&Expires=1764564865&Signature=bJN6mVCdci9VKj0qN%2BaQ1z4udBc%3D,0.218648,3682
997605387,S4A06592_20180426_025000.flac,2018 SJWA-rose-2,2018,4,26,2,50,Agelaius tricolor,Alternative Song 2,2.54933,2.95467,609,7406,12000,(not validated),https://rfcx-streams-production.s3.eu-west-1.amazonaws.com/2018/04/25/gunzylbkp5cs/a937b213-da38-f70a-931d-96c9caab496f.flac?AWSAccessKeyId=AKIA45B7YWBX7MUJ7QCX&Expires=1764564865&Signature=5dUkXUHNyRWwENCq3%2B90DFCrSHI%3D,0.211231,3682
997605388,S4A06592_20180426_033200.flac,2018 SJWA-rose-2,2018,4,26,3,32,Agelaius tricolor,Alternative Song 2,9.728,10.1333,609,7406,12000,(not validated),https://rfcx-streams-production.s3.eu-west-1.amazonaws.com/2018/04/25/gunzylbkp5cs/e63ea383-9342-ca40-ec44-9f5d391ef0f4.flac?AWSAccessKeyId=AKIA45B7YWBX7MUJ7QCX&Expires=1764564865&Signature=Aj0PY5Lyx6prytxW1qSkoGRvLcY%3D,0.201752,3682
997605389,S4A06592_20180426_022900.flac,2018 SJWA-rose-2,2018,4,26,2,29,Agelaius tricolor,Alternative Song 2,57.1093,57.5147,609,7406,12000,(not validated),https://rfcx-streams-production.s3.eu-west-1.amazonaws.com/2018/04/25/gunzylbkp5cs/953d3f08-28fd-47b9-6da5-8a4ff7e997a2.flac?AWSAccessKeyId=AKIA45B7YWBX7MUJ7QCX&Expires=1764564865&Signature=QDaMf3bCQhfJMax5Tq87ZrfIlLk%3D,0.211904,3682
997605390,S4A06592_20180426_051700.flac,2018 SJWA-rose-2,2018,4,26,5,17,Agelaius tricolor,Alternative Song 2,16.8213,17.2267,609,7406,12000,(not validated),https://rfcx-streams-production.s3.eu-west-1.amazonaws.com/2018/04/25/gunzylbkp5cs/901a23fe-fbfe-f35d-cd23-61914a038e96.flac?AWSAccessKeyId=AKIA45B7YWBX7MUJ7QCX&Expires=1764564865&Signature=cJk%2FjZFdhZsOTAPLcyAI0CkoXzU%3D,0.303869,3682
997605391,S4A06592_20180426_053800.flac,2018 SJWA-rose-2,2018,4,26,5,38,Agelaius tricolor,Alternative Song 2,34.9547,35.36,609,7406,12000,(not validated),https://rfcx-streams-production.s3.eu-west-1.amazonaws.com/2018/04/25/gunzylbkp5cs/cb6d4a57-bfe6-c0e4-ce32-259ac124953e.flac?AWSAccessKeyId=AKIA45B7YWBX7MUJ7QCX&Expires=1764564865&Signature=nZA89CdoKFToCT43Fb97Gg1Ahu4%3D,0.310149,3682
997605392,S4A06592_20180426_070200.flac,2018 SJWA-rose-2,2018,4,26,7,2,Agelaius tricolor,Alternative Song 2,41.12,41.5253,609,7406,12000,(not validated),https://rfcx-streams-production.s3.eu-west-1.amazonaws.com/2018/04/26/gunzylbkp5cs/c8cd4246-4a1c-4f9d-c735-8be13d8a24f9.flac?AWSAccessKeyId=AKIA45B7YWBX7MUJ7QCX&Expires=1764564865&Signature=M4GYhx%2B1eX0HV2BqIZenjQV4VqY%3D,0.265848,3682
997605393,S4A06592_20180426_072300.flac,2018 SJWA-rose-2,2018,4,26,7,23,Agelaius tricolor,Alternative Song 2,4.71467,5.12,609,7406,12000,(not validated),https://rfcx-streams-production.s3.eu-west-1.amazonaws.com/2018/04/26/gunzylbkp5cs/db6e0039-6c92-f937-6681-ad510066931a.flac?AWSAccessKeyId=AKIA45B7YWBX7MUJ7QCX&Expires=1764564865&Signature=5PRQe6bEBsUVQrRhVIn6l%2B6Gy2Y%3D,0.245757,3682
997605394,S4A06592_20180426_064100.flac,2018 SJWA-rose-2,2018,4,26,6,41,Agelaius tricolor,Alternative Song 2,37.6107,38.016,609,7406,12000,(not validated),https://rfcx-streams-production.s3.eu-west-1.amazonaws.com/2018/04/25/gunzylbkp5cs/72eaa73d-53f3-0b70-dc26-ba3d2277f790.flac?AWSAccessKeyId=AKIA45B7YWBX7MUJ7QCX&Expires=1764564865&Signature=ij6yAOHetz1IMsE32oZVLwlom64%3D,0.290284,3682
997605395,S4A06592_20180426_055900.flac,2018 SJWA-rose-2,2018,4,26,5,59,Agelaius tricolor,Alternative Song 2,12.9707,13.376,609,7406,12000,(not validated),https://rfcx-streams-production.s3.eu-west-1.amazonaws.com/2018/04/25/gunzylbkp5cs/8619880c-05a9-3aa9-c802-5fbed4f451e4.flac?AWSAccessKeyId=AKIA45B7YWBX7MUJ7QCX&Expires=1764564865&Signature=cONkjTO%2FS0ZRBFR8O8OMbL4L8Wo%3D,0.316783,3682
997605396,S4A06592_20180426_080500.flac,2018 SJWA-rose-2,2018,4,26,8,5,Agelaius tricolor,Alternative Song 2,43.3067,43.712,609,7406,12000,(not validated),https://rfcx-streams-production.s3.eu-west-1.amazonaws.com/2018/04/26/gunzylbkp5cs/ad6b8f2b-3154-d03c-27a1-42eb8c257fd0.flac?AWSAccessKeyId=AKIA45B7YWBX7MUJ7QCX&Expires=1764564865&Signature=Wgk9eHG3R08y08rsKezg1Y4ysKo%3D,0.24881,3682
997605397,S4A06592_20180426_074400.flac,2018 SJWA-rose-2,2018,4,26,7,44,Agelaius tricolor,Alternative Song 2,46.112,46.5173,609,7406,12000,(not validated),https://rfcx-streams-production.s3.eu-west-1.amazonaws.com/2018/04/26/gunzylbkp5cs/b306ebbc-018d-4617-05ce-4ac460d713a2.flac?AWSAccessKeyId=AKIA45B7YWBX7MUJ7QCX&Expires=1764564865&Signature=Ri3iWuwtq3pnWcX8e6KNvQxr3JA%3D,0.256596,3682
997605398,S4A06592_20180426_090800.flac,2018 SJWA-rose-2,2018,4,26,9,8,Agelaius tricolor,Alternative Song 2,9.97333,10.3787,609,7406,12000,(not validated),https://rfcx-streams-production.s3.eu-west-1.amazonaws.com/2018/04/26/gunzylbkp5cs/64817187-fdb9-43fa-f7d0-fdb64c6e558f.flac?AWSAccessKeyId=AKIA45B7YWBX7MUJ7QCX&Expires=1764564865&Signature=reZ%2FN6X1By6Ag6KiiiTiJGXNsiE%3D,0.281784,3682
997605399,S4A06592_20180426_095000.flac,2018 SJWA-rose-2,2018,4,26,9,50,Agelaius tricolor,Alternative Song 2,1.97333,2.37867,609,7406,12000,(not validated),https://rfcx-streams-production.s3.eu-west-1.amazonaws.com/2018/04/26/gunzylbkp5cs/76eb22dd-68dc-0441-5aec-6f226a4841c2.flac?AWSAccessKeyId=AKIA45B7YWBX7MUJ7QCX&Expires=1764564865&Signature=PmY3L%2BtbkrtkF6cD5s0fay0dooE%3D,0.231718,3682
997605400,S4A06592_20180426_092900.flac,2018 SJWA-rose-2,2018,4,26,9,29,Agelaius tricolor,Alternative Song 2,20.736,21.1413,609,7406,12000,(not validated),https://rfcx-streams-production.s3.eu-west-1.amazonaws.com/2018/04/26/gunzylbkp5cs/e249d091-df46-ca72-ce4e-57b8d878d4ec.flac?AWSAccessKeyId=AKIA45B7YWBX7MUJ7QCX&Expires=1764564865&Signature=RSFqr3C%2Fao0OaimSu%2BouLFOjsS4%3D,0.303226,3682
997605401,S4A06592_20180426_062000.flac,2018 SJWA-rose-2,2018,4,26,6,20,Agelaius tricolor,Alternative Song 2,38.112,38.5173,609,7406,12000,(not validated),https://rfcx-streams-production.s3.eu-west-1.amazonaws.com/2018/04/25/gunzylbkp5cs/9f447f7c-0cf1-f03d-7bd1-733b9b8cd0c1.flac?AWSAccessKeyId=AKIA45B7YWBX7MUJ7QCX&Expires=1764564865&Signature=dQMOo6myWQSFARhIroBVAFc8%2F2o%3D,0.316758,3682
997605402,S4A06592_20180426_113500.flac,2018 SJWA-rose-2,2018,4,26,11,35,Agelaius tricolor,Alternative Song 2,57.472,57.8773,609,7406,12000,(not validated),https://rfcx-streams-production.s3.eu-west-1.amazonaws.com/2018/04/26/gunzylbkp5cs/20300859-61e7-b722-9029-33f644ea5c01.flac?AWSAccessKeyId=AKIA45B7YWBX7MUJ7QCX&Expires=1764564865&Signature=ByoOCVUOhOzgSUQ%2FuhVJL0fhQB8%3D,0.286497,3682
997605403,S4A06592_20180426_121700.flac,2018 SJWA-rose-2,2018,4,26,12,17,Agelaius tricolor,Alternative Song 2,59.328,59.7333,609,7406,12000,(not validated),https://rfcx-streams-production.s3.eu-west-1.amazonaws.com/2018/04/26/gunzylbkp5cs/d99f444e-552f-726c-ea56-81dc67091b1a.flac?AWSAccessKeyId=AKIA45B7YWBX7MUJ7QCX&Expires=1764564865&Signature=wJyApwCpyB5Pu3nZDUysZJqjMWU%3D,0.30084,3682
997605404,S4A06592_20180426_115600.flac,2018 SJWA-rose-2,2018,4,26,11,56,Agelaius tricolor,Alternative Song 2,4.97067,5.376,609,7406,12000,(not validated),https://rfcx-streams-production.s3.eu-west-1.amazonaws.com/2018/04/26/gunzylbkp5cs/2ebc93cc-5376-90aa-2bf4-8683688250aa.flac?AWSAccessKeyId=AKIA45B7YWBX7MUJ7QCX&Expires=1764564865&Signature=b4aX12n1C53mP30JaBScIQUJqEI%3D,0.305968,3682
997605405,S4A06592_20180426_132000.flac,2018 SJWA-rose-2,2018,4,26,13,20,Agelaius tricolor,Alternative Song 2,31.936,32.3413,609,7406,12000,(not validated),https://rfcx-streams-production.s3.eu-west-1.amazonaws.com/2018/04/26/gunzylbkp5cs/54d53821-2f44-8295-bb05-0e388e265343.flac?AWSAccessKeyId=AKIA45B7YWBX7MUJ7QCX&Expires=1764564865&Signature=8FzqJbDbrNDojmVpwvDJT4m%2FLmI%3D,0.27325,3682
997605406,S4A06592_20180426_134100.flac,2018 SJWA-rose-2,2018,4,26,13,41,Agelaius tricolor,Alternative Song 2,54.144,54.5493,609,7406,12000,(not validated),https://rfcx-streams-production.s3.eu-west-1.amazonaws.com/2018/04/26/gunzylbkp5cs/31aedc66-9440-14de-2aad-f973ae560ba9.flac?AWSAccessKeyId=AKIA45B7YWBX7MUJ7QCX&Expires=1764564865&Signature=10qeRbMhQFaT4LhEvv1TgsDwc78%3D,0.319288,3682
997605407,S4A06592_20180426_123800.flac,2018 SJWA-rose-2,2018,4,26,12,38,Agelaius tricolor,Alternative Song 2,57.152,57.5573,609,7406,12000,(not validated),https://rfcx-streams-production.s3.eu-west-1.amazonaws.com/2018/04/26/gunzylbkp5cs/c02f2463-ab04-e814-520d-b216d0c2ac85.flac?AWSAccessKeyId=AKIA45B7YWBX7MUJ7QCX&Expires=1764564865&Signature=QlQOLXH8EGLTWlnUNCO0rxtYXgo%3D,0.291095,3682
997605408,S4A06592_20180426_150500.flac,2018 SJWA-rose-2,2018,4,26,15,5,Agelaius tricolor,Alternative Song 2,23.872,24.2773,609,7406,12000,(not validated),https://rfcx-streams-production.s3.eu-west-1.amazonaws.com/2018/04/26/gunzylbkp5cs/fc530ad5-72f6-c393-3533-63df0cade6db.flac?AWSAccessKeyId=AKIA45B7YWBX7MUJ7QCX&Expires=1764564865&Signature=TkziiIMrSfYLeOiS2G9xkxIIXxI%3D,0.330393,3682
997605409,S4A06592_20180426_140200.flac,2018 SJWA-rose-2,2018,4,26,14,2,Agelaius tricolor,Alternative Song 2,14.2293,14.6347,609,7406,12000,(not validated),https://rfcx-streams-production.s3.eu-west-1.amazonaws.com/2018/04/26/gunzylbkp5cs/4dc914a1-355b-cf57-b377-9730459f47b0.flac?AWSAccessKeyId=AKIA45B7YWBX7MUJ7QCX&Expires=1764564865&Signature=tHxXaEYswMewKpzqCI3qZqV5sBo%3D,0.203132,3682
997605410,S4A06592_20180426_154700.flac,2018 SJWA-rose-2,2018,4,26,15,47,Agelaius tricolor,Alternative Song 2,55.744,56.1493,609,7406,12000,(not validated),https://rfcx-streams-production.s3.eu-west-1.amazonaws.com/2018/04/26/gunzylbkp5cs/35c16261-3b58-ff4e-61c8-2fbc540f5f05.flac?AWSAccessKeyId=AKIA45B7YWBX7MUJ7QCX&Expires=1764564865&Signature=zdVzM6GmPNO54RJlNHOorDeE%2F4c%3D,0.256468,3682
997605411,S4A06592_20180426_142300.flac,2018 SJWA-rose-2,2018,4,26,14,23,Agelaius tricolor,Alternative Song 2,7.62667,8.032,609,7406,12000,(not validated),https://rfcx-streams-production.s3.eu-west-1.amazonaws.com/2018/04/26/gunzylbkp5cs/1dea8b33-8a9d-adad-5268-ea39ba3d539f.flac?AWSAccessKeyId=AKIA45B7YWBX7MUJ7QCX&Expires=1764564865&Signature=QuCNIJO%2BcwOBRxNBIgAGE%2BwdxZk%3D,0.312761,3682
997605412,S4A06592_20180426_155900.flac,2018 SJWA-rose-2,2018,4,26,15,59,Agelaius tricolor,Alternative Song 2,10.752,11.1573,609,7406,12000,(not validated),https://rfcx-streams-production.s3.eu-west-1.amazonaws.com/2018/04/26/gunzylbkp5cs/c3eeadce-fe4c-d12b-b522-c4932a6199fa.flac?AWSAccessKeyId=AKIA45B7YWBX7MUJ7QCX&Expires=1764564865&Signature=65kX1b30NwFJaV8zJjpOmCSjzE8%3D,0.35658,3682
997605413,S4A06592_20180426_164100.flac,2018 SJWA-rose-2,2018,4,26,16,41,Agelaius tricolor,Alternative Song 2,41.792,42.1973,609,7406,12000,(not validated),https://rfcx-streams-production.s3.eu-west-1.amazonaws.com/2018/04/26/gunzylbkp5cs/d9701b58-4ec3-5756-dc46-15a2c2730066.flac?AWSAccessKeyId=AKIA45B7YWBX7MUJ7QCX&Expires=1764564865&Signature=gX7OTHBRNybxrWG6PufTuz8KrUE%3D,0.276642,3682
997605414,S4A06592_20180426_152600.flac,2018 SJWA-rose-2,2018,4,26,15,26,Agelaius tricolor,Alternative Song 2,0.512,0.917333,609,7406,12000,(not validated),https://rfcx-streams-production.s3.eu-west-1.amazonaws.com/2018/04/26/gunzylbkp5cs/1bbf5bed-742d-168e-19e1-a4bff7feefe1.flac?AWSAccessKeyId=AKIA45B7YWBX7MUJ7QCX&Expires=1764564865&Signature=4bRRzfARwVgbFhCi5j5bH7Xh%2BEc%3D,0.206136,3682
997605415,S4A06592_20180426_170200.flac,2018 SJWA-rose-2,2018,4,26,17,2,Agelaius tricolor,Alternative Song 2,24.576,24.9813,609,7406,12000,(not validated),https://rfcx-streams-production.s3.eu-west-1.amazonaws.com/2018/04/26/gunzylbkp5cs/b447f343-d195-9f86-c75f-c860ad786ad6.flac?AWSAccessKeyId=AKIA45B7YWBX7MUJ7QCX&Expires=1764564865&Signature=%2FuF282uHyNdnFC3E20YUvoAb6lM%3D,0.218953,3682
997605416,S4A06592_20180426_174400.flac,2018 SJWA-rose-2,2018,4,26,17,44,Agelaius tricolor,Alternative Song 2,9.68533,10.0907,609,7406,12000,(not validated),https://rfcx-streams-production.s3.eu-west-1.amazonaws.com/2018/04/26/gunzylbkp5cs/4d5e0e74-6dd7-e050-c569-05445e8d1e6b.flac?AWSAccessKeyId=AKIA45B7YWBX7MUJ7QCX&Expires=1764564865&Signature=2STiKdJG9xYTcKh5gHHMtAqgfiM%3D,0.230213,3682
997605417,S4A06592_20180426_180500.flac,2018 SJWA-rose-2,2018,4,26,18,5,Agelaius tricolor,Alternative Song 2,0.917333,1.32267,609,7406,12000,(not validated),https://rfcx-streams-production.s3.eu-west-1.amazonaws.com/2018/04/26/gunzylbkp5cs/b1f5a1be-4c9a-7a09-22bd-3c89133d67ba.flac?AWSAccessKeyId=AKIA45B7YWBX7MUJ7QCX&Expires=1764564865&Signature=YOyyUGyCl16jDxLwMT2t8Qzxi9s%3D,0.264722,3682
997605418,S4A06592_20180426_182600.flac,2018 SJWA-rose-2,2018,4,26,18,26,Agelaius tricolor,Alternative Song 2,23.936,24.3413,609,7406,12000,(not validated),https://rfcx-streams-production.s3.eu-west-1.amazonaws.com/2018/04/26/gunzylbkp5cs/c38340fe-12a0-714d-bca2-e11e74c29653.flac?AWSAccessKeyId=AKIA45B7YWBX7MUJ7QCX&Expires=1764564865&Signature=qx8qktgjXX95VcKu72kH6dVpl8g%3D,0.22701,3682
997605419,S4A06592_20180426_190800.flac,2018 SJWA-rose-2,2018,4,26,19,8,Agelaius tricolor,Alternative Song 2,59.3707,59.776,609,7406,12000,(not validated),https://rfcx-streams-production.s3.eu-west-1.amazonaws.com/2018/04/26/gunzylbkp5cs/14618160-ce2c-62e1-13fb-8463983b660c.flac?AWSAccessKeyId=AKIA45B7YWBX7MUJ7QCX&Expires=1764564865&Signature=DdCJVQoP7XsBRgloPBYymfXPItA%3D,0.25181,3682
997605420,S4A06592_20180426_211400.flac,2018 SJWA-rose-2,2018,4,26,21,14,Agelaius tricolor,Alternative Song 2,10.3147,10.72,609,7406,12000,(not validated),https://rfcx-streams-production.s3.eu-west-1.amazonaws.com/2018/04/26/gunzylbkp5cs/c7aa9244-fbd3-7912-5bf9-351fdc1f0fcf.flac?AWSAccessKeyId=AKIA45B7YWBX7MUJ7QCX&Expires=1764564865&Signature=qtkIZMGNUhuA4NZxM%2BLz9h%2FUqVY%3D,0.254145,3682
997605421,S4A06592_20180426_221700.flac,2018 SJWA-rose-2,2018,4,26,22,17,Agelaius tricolor,Alternative Song 2,37.024,37.4293,609,7406,12000,(not validated),https://rfcx-streams-production.s3.eu-west-1.amazonaws.com/2018/04/26/gunzylbkp5cs/4cf06bd2-d957-794e-ed8f-62a1aedf420a.flac?AWSAccessKeyId=AKIA45B7YWBX7MUJ7QCX&Expires=1764564865&Signature=JfA%2FzfUQ%2B5vbQO2fZLKqZvNcxi0%3D,0.285856,3682
997605422,S4A06592_20180426_225900.flac,2018 SJWA-rose-2,2018,4,26,22,59,Agelaius tricolor,Alternative Song 2,45.0987,45.504,609,7406,12000,(not validated),https://rfcx-streams-production.s3.eu-west-1.amazonaws.com/2018/04/26/gunzylbkp5cs/2e45f88f-7327-3de8-371f-827dd4701865.flac?AWSAccessKeyId=AKIA45B7YWBX7MUJ7QCX&Expires=1764564865&Signature=syYNAivor2PIqBniGhM7CQwAOiw%3D,0.211744,3682
997605423,S4A06592_20180426_184700.flac,2018 SJWA-rose-2,2018,4,26,18,47,Agelaius tricolor,Alternative Song 2,19.3067,19.712,609,7406,12000,(not validated),https://rfcx-streams-production.s3.eu-west-1.amazonaws.com/2018/04/26/gunzylbkp5cs/d25e367b-71b1-61dd-581d-9e4bc079fdcd.flac?AWSAccessKeyId=AKIA45B7YWBX7MUJ7QCX&Expires=1764564865&Signature=6kWt%2FSTVIdeIrjhShaj5ralpQdc%3D,0.238128,3682
997605424,S4A06592_20180426_223800.flac,2018 SJWA-rose-2,2018,4,26,22,38,Agelaius tricolor,Alternative Song 2,8.82133,9.22667,609,7406,12000,(not validated),https://rfcx-streams-production.s3.eu-west-1.amazonaws.com/2018/04/26/gunzylbkp5cs/8e52a933-45e9-b1c9-ecf4-a913033dd78b.flac?AWSAccessKeyId=AKIA45B7YWBX7MUJ7QCX&Expires=1764564865&Signature=RruDSa58r6OfJJ4VLtw6iphJrFk%3D,0.328685,3682
997605425,S4A06592_20180427_000200.flac,2018 SJWA-rose-2,2018,4,27,0,2,Agelaius tricolor,Alternative Song 2,14.2187,14.624,609,7406,12000,(not validated),https://rfcx-streams-production.s3.eu-west-1.amazonaws.com/2018/04/26/gunzylbkp5cs/2cb78ac3-8f9a-c50e-4e40-1cbe9e9914e2.flac?AWSAccessKeyId=AKIA45B7YWBX7MUJ7QCX&Expires=1764564865&Signature=DhJYPBaeAcu3zIbWKrH35WZPvaQ%3D,0.253577,3682
997605426,S4A06592_20180427_010500.flac,2018 SJWA-rose-2,2018,4,27,1,5,Agelaius tricolor,Alternative Song 2,5.25867,5.664,609,7406,12000,(not validated),https://rfcx-streams-production.s3.eu-west-1.amazonaws.com/2018/04/26/gunzylbkp5cs/956fe1f6-77d4-64f4-0f49-242dd73f7f1b.flac?AWSAccessKeyId=AKIA45B7YWBX7MUJ7QCX&Expires=1764564865&Signature=bGwVqN2AYgKsvqOAIRXBpIenaic%3D,0.209336,3682
997605427,S4A06592_20180427_002300.flac,2018 SJWA-rose-2,2018,4,27,0,23,Agelaius tricolor,Alternative Song 2,33.472,33.8773,609,7406,12000,(not validated),https://rfcx-streams-production.s3.eu-west-1.amazonaws.com/2018/04/26/gunzylbkp5cs/c4305931-6dfa-763f-c4fc-e4edbb4bb80a.flac?AWSAccessKeyId=AKIA45B7YWBX7MUJ7QCX&Expires=1764564865&Signature=AQikkQtK1bGBTbhxVOXM%2FWOeS%2FU%3D,0.201939,3682
997605428,S4A06592_20180427_020800.flac,2018 SJWA-rose-2,2018,4,27,2,8,Agelaius tricolor,Alternative Song 2,52.768,53.1733,609,7406,12000,(not validated),https://rfcx-streams-production.s3.eu-west-1.amazonaws.com/2018/04/26/gunzylbkp5cs/24f5639a-838b-5351-b7c5-1a95d5292906.flac?AWSAccessKeyId=AKIA45B7YWBX7MUJ7QCX&Expires=1764564865&Signature=HUjU%2F8yLAd74OIETtIAWOzGIZIA%3D,0.291298,3682
997605429,S4A06592_20180427_033200.flac,2018 SJWA-rose-2,2018,4,27,3,32,Agelaius tricolor,Alternative Song 2,11.4133,11.8187,609,7406,12000,(not validated),https://rfcx-streams-production.s3.eu-west-1.amazonaws.com/2018/04/26/gunzylbkp5cs/ea6466c5-821a-c010-019a-b77fb6b16cb9.flac?AWSAccessKeyId=AKIA45B7YWBX7MUJ7QCX&Expires=1764564865&Signature=HwSSa%2FxEapa9RcmcBGXh%2BsHcHI0%3D,0.264693,3682
997605430,S4A06592_20180427_043500.flac,2018 SJWA-rose-2,2018,4,27,4,35,Agelaius tricolor,Alternative Song 2,28.224,28.6293,609,7406,12000,(not validated),https://rfcx-streams-production.s3.eu-west-1.amazonaws.com/2018/04/26/gunzylbkp5cs/4e354932-d732-6258-3d84-334d5f1057fc.flac?AWSAccessKeyId=AKIA45B7YWBX7MUJ7QCX&Expires=1764564865&Signature=%2B0G7%2Ffo41pnigCD0H5XPXBb1OSA%3D,0.228653,3682
997605431,S4A06592_20180427_041400.flac,2018 SJWA-rose-2,2018,4,27,4,14,Agelaius tricolor,Alternative Song 2,23.9787,24.384,609,7406,12000,(not validated),https://rfcx-streams-production.s3.eu-west-1.amazonaws.com/2018/04/26/gunzylbkp5cs/53391eca-e1ed-d7e4-79fd-7460bdaab99f.flac?AWSAccessKeyId=AKIA45B7YWBX7MUJ7QCX&Expires=1764564865&Signature=0uFU42Q9RoIt9N5S5tX2zHbW4qM%3D,0.284054,3682
997605432,S4A06592_20180427_045600.flac,2018 SJWA-rose-2,2018,4,27,4,56,Agelaius tricolor,Alternative Song 2,42.336,42.7413,609,7406,12000,(not validated),https://rfcx-streams-production.s3.eu-west-1.amazonaws.com/2018/04/26/gunzylbkp5cs/66a26698-96ef-f73d-8df0-9bce3f2f0e3c.flac?AWSAccessKeyId=AKIA45B7YWBX7MUJ7QCX&Expires=1764564865&Signature=6tekRsNL0H3x3m%2Bk78U6tiZxRVE%3D,0.233382,3682
997605433,S4A06592_20180427_025000.flac,2018 SJWA-rose-2,2018,4,27,2,50,Agelaius tricolor,Alternative Song 2,46.8053,47.2107,609,7406,12000,(not validated),https://rfcx-streams-production.s3.eu-west-1.amazonaws.com/2018/04/26/gunzylbkp5cs/09f60dd7-ec8d-e59a-644f-be4eb8c7ac15.flac?AWSAccessKeyId=AKIA45B7YWBX7MUJ7QCX&Expires=1764564865&Signature=9B39U9lAwyngUwYVi4d4KXpng%2Fg%3D,0.215531,3682
997605434,S4A06592_20180427_051700.flac,2018 SJWA-rose-2,2018,4,27,5,17,Agelaius tricolor,Alternative Song 2,48.3307,48.736,609,7406,12000,(not validated),https://rfcx-streams-production.s3.eu-west-1.amazonaws.com/2018/04/26/gunzylbkp5cs/87fdb1cc-9100-2302-aa17-9235f9eee22c.flac?AWSAccessKeyId=AKIA45B7YWBX7MUJ7QCX&Expires=1764564865&Signature=oTSCIjIVmUu8OTRjJU1gNotRZr0%3D,0.216554,3682
997605435,S4A06592_20180427_053800.flac,2018 SJWA-rose-2,2018,4,27,5,38,Agelaius tricolor,Alternative Song 2,49.5893,49.9947,609,7406,12000,(not validated),https://rfcx-streams-production.s3.eu-west-1.amazonaws.com/2018/04/26/gunzylbkp5cs/953836a1-b47b-da49-e7e6-4e03916e618c.flac?AWSAccessKeyId=AKIA45B7YWBX7MUJ7QCX&Expires=1764564865&Signature=Ozv6aXyVFlrZzxB%2FeGm0mw1xwNs%3D,0.217083,3682
997605436,S4A06592_20180427_055900.flac,2018 SJWA-rose-2,2018,4,27,5,59,Agelaius tricolor,Alternative Song 2,59.3493,59.7547,609,7406,12000,(not validated),https://rfcx-streams-production.s3.eu-west-1.amazonaws.com/2018/04/26/gunzylbkp5cs/cadca449-6f55-d032-417b-b06ad51549ff.flac?AWSAccessKeyId=AKIA45B7YWBX7MUJ7QCX&Expires=1764564865&Signature=gjM15zbFVhUIhM0%2FFzmMyaBAO9U%3D,0.353149,3682
997605437,S4A06592_20180427_062000.flac,2018 SJWA-rose-2,2018,4,27,6,20,Agelaius tricolor,Alternative Song 2,58.656,59.0613,609,7406,12000,(not validated),https://rfcx-streams-production.s3.eu-west-1.amazonaws.com/2018/04/26/gunzylbkp5cs/3965ff4d-9131-4d65-8da4-aa1abc9ed51e.flac?AWSAccessKeyId=AKIA45B7YWBX7MUJ7QCX&Expires=1764564865&Signature=jioxTfw2UP%2BZV1cjJnqwmlH%2BBtQ%3D,0.353832,3682
997605438,S4A06592_20180427_064100.flac,2018 SJWA-rose-2,2018,4,27,6,41,Agelaius tricolor,Alternative Song 2,56.1493,56.5547,609,7406,12000,(not validated),https://rfcx-streams-production.s3.eu-west-1.amazonaws.com/2018/04/26/gunzylbkp5cs/50fbe1dd-64cb-23ba-cfd2-c685bb0b4942.flac?AWSAccessKeyId=AKIA45B7YWBX7MUJ7QCX&Expires=1764564865&Signature=iHzErHkjoyw8Ceeb61Vh0rQ%2BYu4%3D,0.280944,3682
997605439,S4A06592_20180427_070200.flac,2018 SJWA-rose-2,2018,4,27,7,2,Agelaius tricolor,Alternative Song 2,7.38133,7.78667,609,7406,12000,(not validated),https://rfcx-streams-production.s3.eu-west-1.amazonaws.com/2018/04/27/gunzylbkp5cs/35a168f6-45d5-f508-38e1-442cf93eaab1.flac?AWSAccessKeyId=AKIA45B7YWBX7MUJ7QCX&Expires=1764564865&Signature=wvdP7PUrowoiM%2B9Dvkf%2BJilDExA%3D,0.285553,3682
997605440,S4A06592_20180427_074400.flac,2018 SJWA-rose-2,2018,4,27,7,44,Agelaius tricolor,Alternative Song 2,41.024,41.4293,609,7406,12000,(not validated),https://rfcx-streams-production.s3.eu-west-1.amazonaws.com/2018/04/27/gunzylbkp5cs/3e8c3ccd-3610-d08a-89f0-313820271a27.flac?AWSAccessKeyId=AKIA45B7YWBX7MUJ7QCX&Expires=1764564865&Signature=A9k7dDP%2Bk7A1BA%2FNdsYk0Vn9TXw%3D,0.301884,3682
997605441,S4A06592_20180427_072300.flac,2018 SJWA-rose-2,2018,4,27,7,23,Agelaius tricolor,Alternative Song 2,55.296,55.7013,609,7406,12000,(not validated),https://rfcx-streams-production.s3.eu-west-1.amazonaws.com/2018/04/27/gunzylbkp5cs/e9cee17d-6c89-5777-7bc0-2e2eaa9530e5.flac?AWSAccessKeyId=AKIA45B7YWBX7MUJ7QCX&Expires=1764564865&Signature=%2BBlalaMdcoGWCTnKV9YwvS8GZfU%3D,0.278619,3682
997605442,S4A06592_20180427_082600.flac,2018 SJWA-rose-2,2018,4,27,8,26,Agelaius tricolor,Alternative Song 2,55.04,55.4453,609,7406,12000,(not validated),https://rfcx-streams-production.s3.eu-west-1.amazonaws.com/2018/04/27/gunzylbkp5cs/eb1e60f7-b9c5-f9ce-f33c-2400f3f243af.flac?AWSAccessKeyId=AKIA45B7YWBX7MUJ7QCX&Expires=1764564865&Signature=JsRSMl0JNEJFgUU132M7xZ%2B2rHw%3D,0.273888,3682
997605443,S4A06592_20180427_080500.flac,2018 SJWA-rose-2,2018,4,27,8,5,Agelaius tricolor,Alternative Song 2,29.344,29.7493,609,7406,12000,(not validated),https://rfcx-streams-production.s3.eu-west-1.amazonaws.com/2018/04/27/gunzylbkp5cs/63eeabb5-7cfe-e433-00c6-12119c2944a5.flac?AWSAccessKeyId=AKIA45B7YWBX7MUJ7QCX&Expires=1764564865&Signature=EPWhASkXdbzo3LT%2Bprv16n5%2Fy3M%3D,0.272325,3682
997605444,S4A06592_20180427_092900.flac,2018 SJWA-rose-2,2018,4,27,9,29,Agelaius tricolor,Alternative Song 2,8.24533,8.65067,609,7406,12000,(not validated),https://rfcx-streams-production.s3.eu-west-1.amazonaws.com/2018/04/27/gunzylbkp5cs/62d82ebf-1cd2-c347-5912-17986da686c6.flac?AWSAccessKeyId=AKIA45B7YWBX7MUJ7QCX&Expires=1764564865&Signature=iZG8%2FjtweWhD%2FUISdKP4YUXYhms%3D,0.209725,3682
997605445,S4A06592_20180417_084700.flac,2018 SJWA-rose-2,2018,4,17,8,47,Agelaius tricolor,Alternative Song 2,6.09067,6.496,609,7406,12000,(not validated),https://rfcx-streams-production.s3.eu-west-1.amazonaws.com/2018/04/17/gunzylbkp5cs/0e762557-da40-2a01-25a2-9bc9f48e5583.flac?AWSAccessKeyId=AKIA45B7YWBX7MUJ7QCX&Expires=1764564865&Signature=h564z2zdygCB4osKYGvMiyF7D%2Fc%3D,0.201691,3682
997605446,S4A06592_20180417_111400.flac,2018 SJWA-rose-2,2018,4,17,11,14,Agelaius tricolor,Alternative Song 2,10.624,11.0293,609,7406,12000,(not validated),https://rfcx-streams-production.s3.eu-west-1.amazonaws.com/2018/04/17/gunzylbkp5cs/169c70b7-4331-887e-0420-c250b61d42da.flac?AWSAccessKeyId=AKIA45B7YWBX7MUJ7QCX&Expires=1764564865&Signature=qScD37ACezKrHupGzaWNQqysaxw%3D,0.226663,3682
997605447,S4A06592_20180417_105300.flac,2018 SJWA-rose-2,2018,4,17,10,53,Agelaius tricolor,Alternative Song 2,5.49333,5.89867,609,7406,12000,present,https://rfcx-streams-production.s3.eu-west-1.amazonaws.com/2018/04/17/gunzylbkp5cs/f225f97d-fa58-a565-52e6-fdc14cdef319.flac?AWSAccessKeyId=AKIA45B7YWBX7MUJ7QCX&Expires=1764564865&Signature=t5%2FJyTQLqDWypBFSNuq9HsG5eAw%3D,0.246285,3682
997605448,S4A06592_20180417_113500.flac,2018 SJWA-rose-2,2018,4,17,11,35,Agelaius tricolor,Alternative Song 2,27.3493,27.7547,609,7406,12000,(not validated),https://rfcx-streams-production.s3.eu-west-1.amazonaws.com/2018/04/17/gunzylbkp5cs/d32f9bbb-a31a-f73a-6e09-8b68d6347efe.flac?AWSAccessKeyId=AKIA45B7YWBX7MUJ7QCX&Expires=1764564865&Signature=JKvQgjPylamdHVdJESb3fifBBLg%3D,0.230992,3682
997605449,S4A06592_20180417_121700.flac,2018 SJWA-rose-2,2018,4,17,12,17,Agelaius tricolor,Alternative Song 2,33.9627,34.368,609,7406,12000,present,https://rfcx-streams-production.s3.eu-west-1.amazonaws.com/2018/04/17/gunzylbkp5cs/4b920526-095b-c3a2-b87b-54f535be9af4.flac?AWSAccessKeyId=AKIA45B7YWBX7MUJ7QCX&Expires=1764564865&Signature=jNlnmNxpzmxsAr6TUvPbjp9WicM%3D,0.236969,3682
997605450,S4A06592_20180417_125900.flac,2018 SJWA-rose-2,2018,4,17,12,59,Agelaius tricolor,Alternative Song 2,41.12,41.5253,609,7406,12000,present,https://rfcx-streams-production.s3.eu-west-1.amazonaws.com/2018/04/17/gunzylbkp5cs/f0e07e13-be68-c78a-5186-c892acad27bc.flac?AWSAccessKeyId=AKIA45B7YWBX7MUJ7QCX&Expires=1764564865&Signature=lZycU%2FUXu4Nbg4P2DwvlU%2BM3Dd4%3D,0.24881,3682
997605451,S4A06592_20180417_123800.flac,2018 SJWA-rose-2,2018,4,17,12,38,Agelaius tricolor,Alternative Song 2,3.09333,3.49867,609,7406,12000,(not validated),https://rfcx-streams-production.s3.eu-west-1.amazonaws.com/2018/04/17/gunzylbkp5cs/7035b2f6-ac93-d01e-fbe2-461bbe79bae0.flac?AWSAccessKeyId=AKIA45B7YWBX7MUJ7QCX&Expires=1764564865&Signature=J2h4jC%2FV6oqcP8c1upkiNa7eg7o%3D,0.303301,3682
997605452,S4A06592_20180417_140200.flac,2018 SJWA-rose-2,2018,4,17,14,2,Agelaius tricolor,Alternative Song 2,8.08533,8.49067,609,7406,12000,(not validated),https://rfcx-streams-production.s3.eu-west-1.amazonaws.com/2018/04/17/gunzylbkp5cs/f0ece1c8-4ca5-dc3e-7b8e-e90682d8a1c4.flac?AWSAccessKeyId=AKIA45B7YWBX7MUJ7QCX&Expires=1764564865&Signature=T042a%2F9FXJJfx%2FpUSHb32g232Rw%3D,0.226301,3682
997605453,S4A06592_20180417_132000.flac,2018 SJWA-rose-2,2018,4,17,13,20,Agelaius tricolor,Alternative Song 2,56.0747,56.48,609,7406,12000,present,https://rfcx-streams-production.s3.eu-west-1.amazonaws.com/2018/04/17/gunzylbkp5cs/372acf12-c921-c168-b822-b859fe2f3a9c.flac?AWSAccessKeyId=AKIA45B7YWBX7MUJ7QCX&Expires=1764564865&Signature=7fvY5Gwip9RO1AdUn10LX%2F8Hnj4%3D,0.244885,3682
997605454,S4A06592_20180417_115600.flac,2018 SJWA-rose-2,2018,4,17,11,56,Agelaius tricolor,Alternative Song 2,2.60267,3.008,609,7406,12000,present,https://rfcx-streams-production.s3.eu-west-1.amazonaws.com/2018/04/17/gunzylbkp5cs/8275d2fb-99ea-4bf8-1ba4-4508be1c5e97.flac?AWSAccessKeyId=AKIA45B7YWBX7MUJ7QCX&Expires=1764564865&Signature=E78bMGukhbry3Vpe%2FKbY2IXjlow%3D,0.23004,3682
997605455,S4A06592_20180417_142300.flac,2018 SJWA-rose-2,2018,4,17,14,23,Agelaius tricolor,Alternative Song 2,10.0373,10.4427,609,7406,12000,present,https://rfcx-streams-production.s3.eu-west-1.amazonaws.com/2018/04/17/gunzylbkp5cs/d9e1223c-bbcd-5df2-6274-25039ef3ffa9.flac?AWSAccessKeyId=AKIA45B7YWBX7MUJ7QCX&Expires=1764564865&Signature=e0K4U%2FB8LA86t7vx%2BXEFeJuP09A%3D,0.261464,3682
997605456,S4A06592_20180417_144400.flac,2018 SJWA-rose-2,2018,4,17,14,44,Agelaius tricolor,Alternative Song 2,40.064,40.4693,609,7406,12000,(not validated),https://rfcx-streams-production.s3.eu-west-1.amazonaws.com/2018/04/17/gunzylbkp5cs/fe94de26-943d-4149-8296-70410960f0a1.flac?AWSAccessKeyId=AKIA45B7YWBX7MUJ7QCX&Expires=1764564865&Signature=UfthDDTaIMHsD%2BltPI4Ovi2e78Y%3D,0.224955,3682
997605457,S4A06592_20180417_134100.flac,2018 SJWA-rose-2,2018,4,17,13,41,Agelaius tricolor,Alternative Song 2,27.2107,27.616,609,7406,12000,present,https://rfcx-streams-production.s3.eu-west-1.amazonaws.com/2018/04/17/gunzylbkp5cs/0edf6597-2f2d-c0b5-1a64-a6603abb8090.flac?AWSAccessKeyId=AKIA45B7YWBX7MUJ7QCX&Expires=1764564865&Signature=NoFjDbYBtsFDfsNX5lcd5J7oU4Y%3D,0.270274,3682
997605458,S4A06592_20180417_152600.flac,2018 SJWA-rose-2,2018,4,17,15,26,Agelaius tricolor,Alternative Song 2,53.2053,53.6107,609,7406,12000,present,https://rfcx-streams-production.s3.eu-west-1.amazonaws.com/2018/04/17/gunzylbkp5cs/879024a2-05e3-5ff6-6439-18716213de2c.flac?AWSAccessKeyId=AKIA45B7YWBX7MUJ7QCX&Expires=1764564865&Signature=fOZ87SRjB%2BvP6q3WkQ0hPihzHNA%3D,0.258903,3682
997605459,S4A06592_20180417_150500.flac,2018 SJWA-rose-2,2018,4,17,15,5,Agelaius tricolor,Alternative Song 2,9.99467,10.4,609,7406,12000,present,https://rfcx-streams-production.s3.eu-west-1.amazonaws.com/2018/04/17/gunzylbkp5cs/1d026dfc-8ae2-c2ff-a00d-d9e92b691e8a.flac?AWSAccessKeyId=AKIA45B7YWBX7MUJ7QCX&Expires=1764564865&Signature=n3Hd4Ptj4ibJ2Lx%2BciEHvtaBFaE%3D,0.27144,3682
997605460,S4A06592_20180417_154700.flac,2018 SJWA-rose-2,2018,4,17,15,47,Agelaius tricolor,Alternative Song 2,23.968,24.3733,609,7406,12000,present,https://rfcx-streams-production.s3.eu-west-1.amazonaws.com/2018/04/17/gunzylbkp5cs/3473fcad-09d2-3811-31e8-4f459f778d56.flac?AWSAccessKeyId=AKIA45B7YWBX7MUJ7QCX&Expires=1764564865&Signature=xvS%2FjyrG%2F4OKgRngYibrqWXgFUg%3D,0.296544,3682
997605461,S4A06592_20180417_172300.flac,2018 SJWA-rose-2,2018,4,17,17,23,Agelaius tricolor,Alternative Song 2,3.232,3.63733,609,7406,12000,(not validated),https://rfcx-streams-production.s3.eu-west-1.amazonaws.com/2018/04/17/gunzylbkp5cs/338d3b16-06db-8cf6-9e0e-6f6efc8c5dab.flac?AWSAccessKeyId=AKIA45B7YWBX7MUJ7QCX&Expires=1764564865&Signature=QrGzJuIYsUyl7KOYZK5KDREQSok%3D,0.235928,3682
997605462,S4A06592_20180417_162000.flac,2018 SJWA-rose-2,2018,4,17,16,20,Agelaius tricolor,Alternative Song 2,23.2427,23.648,609,7406,12000,(not validated),https://rfcx-streams-production.s3.eu-west-1.amazonaws.com/2018/04/17/gunzylbkp5cs/3d80c5ce-7894-f0e5-c911-abb8a9532958.flac?AWSAccessKeyId=AKIA45B7YWBX7MUJ7QCX&Expires=1764564865&Signature=D9Om4ORIoIH20qIRY2xnMFfIEnE%3D,0.219184,3682
997605463,S4A06592_20180417_170200.flac,2018 SJWA-rose-2,2018,4,17,17,2,Agelaius tricolor,Alternative Song 2,31.7547,32.16,609,7406,12000,present,https://rfcx-streams-production.s3.eu-west-1.amazonaws.com/2018/04/17/gunzylbkp5cs/2d648cdd-1b56-137b-d449-d126b0e47894.flac?AWSAccessKeyId=AKIA45B7YWBX7MUJ7QCX&Expires=1764564865&Signature=0pi9IuPvIx2hLn0MiuNBpE%2BYOCM%3D,0.246914,3682
997605464,S4A06592_20180417_180500.flac,2018 SJWA-rose-2,2018,4,17,18,5,Agelaius tricolor,Alternative Song 2,16.9813,17.3867,609,7406,12000,(not validated),https://rfcx-streams-production.s3.eu-west-1.amazonaws.com/2018/04/17/gunzylbkp5cs/918a3c91-26cb-d4a0-3b7c-1ff2905aa500.flac?AWSAccessKeyId=AKIA45B7YWBX7MUJ7QCX&Expires=1764564865&Signature=aE9yU0iZXWya7HTrZhI2WTeNEl0%3D,0.226162,3682
997605465,S4A06592_20180417_184700.flac,2018 SJWA-rose-2,2018,4,17,18,47,Agelaius tricolor,Alternative Song 2,48.16,48.5653,609,7406,12000,(not validated),https://rfcx-streams-production.s3.eu-west-1.amazonaws.com/2018/04/17/gunzylbkp5cs/96913ef3-868e-56b7-29ec-94b9b6999fed.flac?AWSAccessKeyId=AKIA45B7YWBX7MUJ7QCX&Expires=1764564865&Signature=5gYKXRTjyajr2XE7k6xa69ZtEKQ%3D,0.256143,3682
997605466,S4A06592_20180417_190800.flac,2018 SJWA-rose-2,2018,4,17,19,8,Agelaius tricolor,Alternative Song 2,47.4133,47.8187,609,7406,12000,(not validated),https://rfcx-streams-production.s3.eu-west-1.amazonaws.com/2018/04/17/gunzylbkp5cs/c6a371ce-5177-3bad-51d8-9641f53694ee.flac?AWSAccessKeyId=AKIA45B7YWBX7MUJ7QCX&Expires=1764564865&Signature=i%2FKWRBd5RmyyO3iHPtQD5AWw0jw%3D,0.215159,3682
997605467,S4A06592_20180417_182600.flac,2018 SJWA-rose-2,2018,4,17,18,26,Agelaius tricolor,Alternative Song 2,10.1973,10.6027,609,7406,12000,present,https://rfcx-streams-production.s3.eu-west-1.amazonaws.com/2018/04/17/gunzylbkp5cs/7ec567ff-ef61-0a4f-5eab-fd5d2dedcf73.flac?AWSAccessKeyId=AKIA45B7YWBX7MUJ7QCX&Expires=1764564865&Signature=YM6%2FCbwzBTUZHpEx0V7PKm297Dw%3D,0.204455,3682
997605468,S4A06592_20180417_195000.flac,2018 SJWA-rose-2,2018,4,17,19,50,Agelaius tricolor,Alternative Song 2,39.7227,40.128,609,7406,12000,(not validated),https://rfcx-streams-production.s3.eu-west-1.amazonaws.com/2018/04/17/gunzylbkp5cs/2ea15a9c-2173-11c5-ab2b-d19c20a03396.flac?AWSAccessKeyId=AKIA45B7YWBX7MUJ7QCX&Expires=1764564865&Signature=%2BPHQW7nEPQcltuQuV3oTThoVHLU%3D,0.209822,3682
997605469,S4A06592_20180417_201100.flac,2018 SJWA-rose-2,2018,4,17,20,11,Agelaius tricolor,Alternative Song 2,40.096,40.5013,609,7406,12000,(not validated),https://rfcx-streams-production.s3.eu-west-1.amazonaws.com/2018/04/17/gunzylbkp5cs/990f30d2-f206-3043-2191-4e72ba1db8f8.flac?AWSAccessKeyId=AKIA45B7YWBX7MUJ7QCX&Expires=1764564865&Signature=iFo%2B6JcdWK4e5W2XIRnuelzsH9s%3D,0.247242,3682
997605470,S4A06592_20180417_203200.flac,2018 SJWA-rose-2,2018,4,17,20,32,Agelaius tricolor,Alternative Song 2,58.72,59.1253,609,7406,12000,(not validated),https://rfcx-streams-production.s3.eu-west-1.amazonaws.com/2018/04/17/gunzylbkp5cs/429cd86e-b278-46d5-2ad6-5586a47cc6f5.flac?AWSAccessKeyId=AKIA45B7YWBX7MUJ7QCX&Expires=1764564865&Signature=gAdxL%2FXWvyEwLgoSqYY43uFoMZU%3D,0.323808,3682
997605471,S4A06592_20180417_205300.flac,2018 SJWA-rose-2,2018,4,17,20,53,Agelaius tricolor,Alternative Song 2,0.224,0.629333,609,7406,12000,(not validated),https://rfcx-streams-production.s3.eu-west-1.amazonaws.com/2018/04/17/gunzylbkp5cs/be779236-f900-207b-54ad-e2da26b627c3.flac?AWSAccessKeyId=AKIA45B7YWBX7MUJ7QCX&Expires=1764564865&Signature=lFCBFfPQBp03LaM1ed2CnP%2FCANA%3D,0.263005,3682
997605472,S4A06592_20180417_215600.flac,2018 SJWA-rose-2,2018,4,17,21,56,Agelaius tricolor,Alternative Song 2,37.8133,38.2187,609,7406,12000,(not validated),https://rfcx-streams-production.s3.eu-west-1.amazonaws.com/2018/04/17/gunzylbkp5cs/1b152907-927f-c223-9e67-eb67cb439ca0.flac?AWSAccessKeyId=AKIA45B7YWBX7MUJ7QCX&Expires=1764564865&Signature=M3Gfo1tWv6IaeFfmhBlbQRo%2FRJU%3D,0.250457,3682
997605473,S4A06592_20180417_232000.flac,2018 SJWA-rose-2,2018,4,17,23,20,Agelaius tricolor,Alternative Song 2,27.904,28.3093,609,7406,12000,(not validated),https://rfcx-streams-production.s3.eu-west-1.amazonaws.com/2018/04/17/gunzylbkp5cs/e6ac602d-c8fd-8de1-bd3e-b40f00d0cd38.flac?AWSAccessKeyId=AKIA45B7YWBX7MUJ7QCX&Expires=1764564865&Signature=ZcU03xbuU2Omp4ngIdA7FQS5dMw%3D,0.248985,3682
997605474,S4A06592_20180418_000200.flac,2018 SJWA-rose-2,2018,4,18,0,2,Agelaius tricolor,Alternative Song 2,52.4693,52.8747,609,7406,12000,(not validated),https://rfcx-streams-production.s3.eu-west-1.amazonaws.com/2018/04/17/gunzylbkp5cs/8f35d434-79be-05a6-18b1-2db8665a8731.flac?AWSAccessKeyId=AKIA45B7YWBX7MUJ7QCX&Expires=1764564865&Signature=lmMM2TZu9eQvk%2FClQp1iKt9lX%2B4%3D,0.337884,3682
997605475,S4A06592_20180418_004400.flac,2018 SJWA-rose-2,2018,4,18,0,44,Agelaius tricolor,Alternative Song 2,22.9013,23.3067,609,7406,12000,(not validated),https://rfcx-streams-production.s3.eu-west-1.amazonaws.com/2018/04/17/gunzylbkp5cs/1f3954f3-bfbc-fca2-157c-a06e75e97d53.flac?AWSAccessKeyId=AKIA45B7YWBX7MUJ7QCX&Expires=1764564865&Signature=di%2BINUh%2FOCNz3Y9o8StCmcEqhBc%3D,0.264565,3682
997605476,S4A06592_20180418_002300.flac,2018 SJWA-rose-2,2018,4,18,0,23,Agelaius tricolor,Alternative Song 2,19.8933,20.2987,609,7406,12000,(not validated),https://rfcx-streams-production.s3.eu-west-1.amazonaws.com/2018/04/17/gunzylbkp5cs/78e77bb2-f2ef-a62e-b16f-5c9e4b1156cd.flac?AWSAccessKeyId=AKIA45B7YWBX7MUJ7QCX&Expires=1764564865&Signature=9kaSu1jI4r0jzktDNSmgC9WUgz0%3D,0.206559,3682
997605477,S4A06592_20180418_020800.flac,2018 SJWA-rose-2,2018,4,18,2,8,Agelaius tricolor,Alternative Song 2,2.67733,3.08267,609,7406,12000,(not validated),https://rfcx-streams-production.s3.eu-west-1.amazonaws.com/2018/04/17/gunzylbkp5cs/e7cdc9e5-68a9-65f9-7d01-17d7ce8e30f0.flac?AWSAccessKeyId=AKIA45B7YWBX7MUJ7QCX&Expires=1764564865&Signature=aIy0xW4OH8CxY8BGZdpfUWT74lA%3D,0.241579,3682
997605478,S4A06592_20180418_010500.flac,2018 SJWA-rose-2,2018,4,18,1,5,Agelaius tricolor,Alternative Song 2,48.032,48.4373,609,7406,12000,(not validated),https://rfcx-streams-production.s3.eu-west-1.amazonaws.com/2018/04/17/gunzylbkp5cs/ef1b8d9d-e896-606a-d790-f585a4f6a044.flac?AWSAccessKeyId=AKIA45B7YWBX7MUJ7QCX&Expires=1764564865&Signature=acoByb%2BPDu8v6KaIz%2BYvgDdLXQY%3D,0.331956,3682
997605479,S4A06592_20180418_025000.flac,2018 SJWA-rose-2,2018,4,18,2,50,Agelaius tricolor,Alternative Song 2,44.8853,45.2907,609,7406,12000,(not validated),https://rfcx-streams-production.s3.eu-west-1.amazonaws.com/2018/04/17/gunzylbkp5cs/41b8edd9-95e7-c601-3793-9bf5e5eaffc9.flac?AWSAccessKeyId=AKIA45B7YWBX7MUJ7QCX&Expires=1764564865&Signature=LwM0nbbNApWi2VMcM8Wy5rqxJ6g%3D,0.246541,3682
997605480,S4A06592_20180418_014700.flac,2018 SJWA-rose-2,2018,4,18,1,47,Agelaius tricolor,Alternative Song 2,4.37333,4.77867,609,7406,12000,(not validated),https://rfcx-streams-production.s3.eu-west-1.amazonaws.com/2018/04/17/gunzylbkp5cs/2476e777-23f3-9035-d6c3-5f88860844fa.flac?AWSAccessKeyId=AKIA45B7YWBX7MUJ7QCX&Expires=1764564865&Signature=BWCZpXQHL%2FHJQDgUJbIiiNLRU08%3D,0.200695,3682
997605481,S4A06592_20180418_033200.flac,2018 SJWA-rose-2,2018,4,18,3,32,Agelaius tricolor,Alternative Song 2,12.7253,13.1307,609,7406,12000,(not validated),https://rfcx-streams-production.s3.eu-west-1.amazonaws.com/2018/04/17/gunzylbkp5cs/94479b5a-4db1-e7ca-bf07-adf2781851b6.flac?AWSAccessKeyId=AKIA45B7YWBX7MUJ7QCX&Expires=1764564865&Signature=EBfOjz6WpZwUveO6fg9zXbye3kQ%3D,0.214832,3682
997605482,S4A06592_20180418_051700.flac,2018 SJWA-rose-2,2018,4,18,5,17,Agelaius tricolor,Alternative Song 2,40.8853,41.2907,609,7406,12000,(not validated),https://rfcx-streams-production.s3.eu-west-1.amazonaws.com/2018/04/17/gunzylbkp5cs/cb3614fb-c76f-a262-c675-4d699d16fe82.flac?AWSAccessKeyId=AKIA45B7YWBX7MUJ7QCX&Expires=1764564865&Signature=C%2Bg0Q6%2FZP6Pp49gN8X%2FY6nVVpTA%3D,0.275358,3682
997605483,S4A06592_20180418_053800.flac,2018 SJWA-rose-2,2018,4,18,5,38,Agelaius tricolor,Alternative Song 2,48.4693,48.8747,609,7406,12000,(not validated),https://rfcx-streams-production.s3.eu-west-1.amazonaws.com/2018/04/17/gunzylbkp5cs/25c480d3-3f68-0535-59e4-717540d6391f.flac?AWSAccessKeyId=AKIA45B7YWBX7MUJ7QCX&Expires=1764564865&Signature=zPZ2pqdtzKfIODMbgCo3v1x0Vz4%3D,0.239892,3682
997605484,S4A06592_20180418_055900.flac,2018 SJWA-rose-2,2018,4,18,5,59,Agelaius tricolor,Alternative Song 2,59.5093,59.9147,609,7406,12000,(not validated),https://rfcx-streams-production.s3.eu-west-1.amazonaws.com/2018/04/17/gunzylbkp5cs/0072c191-c35a-c18d-3418-38c410971706.flac?AWSAccessKeyId=AKIA45B7YWBX7MUJ7QCX&Expires=1764564865&Signature=S%2Ba4c%2BA5s2VwBsqdPcsAA3Ud%2Bp8%3D,0.219209,3682
997605485,S4A06592_20180418_070200.flac,2018 SJWA-rose-2,2018,4,18,7,2,Agelaius tricolor,Alternative Song 2,47.5627,47.968,609,7406,12000,present,https://rfcx-streams-production.s3.eu-west-1.amazonaws.com/2018/04/18/gunzylbkp5cs/c4b95c01-063b-dad8-baa3-a3ef19ade825.flac?AWSAccessKeyId=AKIA45B7YWBX7MUJ7QCX&Expires=1764564865&Signature=Kh5jvuCnk3YE1zs9cYGDEA2tL5s%3D,0.258095,3682
997605486,S4A06592_20180418_064100.flac,2018 SJWA-rose-2,2018,4,18,6,41,Agelaius tricolor,Alternative Song 2,19.9467,20.352,609,7406,12000,(not validated),https://rfcx-streams-production.s3.eu-west-1.amazonaws.com/2018/04/17/gunzylbkp5cs/6211446a-ecf8-8367-6e35-4be0e3c4b4da.flac?AWSAccessKeyId=AKIA45B7YWBX7MUJ7QCX&Expires=1764564865&Signature=Q%2B%2BsIL1TWWn0t4SBgeJ2aKOmDiU%3D,0.239185,3682
997605487,S4A06592_20180418_072300.flac,2018 SJWA-rose-2,2018,4,18,7,23,Agelaius tricolor,Alternative Song 2,27.4347,27.84,609,7406,12000,(not validated),https://rfcx-streams-production.s3.eu-west-1.amazonaws.com/2018/04/18/gunzylbkp5cs/2c18485d-151b-58c9-6e9f-32be85eb4a5b.flac?AWSAccessKeyId=AKIA45B7YWBX7MUJ7QCX&Expires=1764564865&Signature=5uNpdx6iVM3QV03hmxxuqj0Z5T4%3D,0.229813,3682
997605488,S4A06592_20180418_084700.flac,2018 SJWA-rose-2,2018,4,18,8,47,Agelaius tricolor,Alternative Song 2,22.0053,22.4107,609,7406,12000,present,https://rfcx-streams-production.s3.eu-west-1.amazonaws.com/2018/04/18/gunzylbkp5cs/1960ccbe-efd7-e391-2791-a7f296f5cf69.flac?AWSAccessKeyId=AKIA45B7YWBX7MUJ7QCX&Expires=1764564865&Signature=SSiZi2KBlHcrJezRI47SD88CM%2BU%3D,0.251689,3682
997605489,S4A06592_20180418_090800.flac,2018 SJWA-rose-2,2018,4,18,9,8,Agelaius tricolor,Alternative Song 2,32.3307,32.736,609,7406,12000,present,https://rfcx-streams-production.s3.eu-west-1.amazonaws.com/2018/04/18/gunzylbkp5cs/a046f0a5-3860-dbc3-ec2f-20ec31b7a750.flac?AWSAccessKeyId=AKIA45B7YWBX7MUJ7QCX&Expires=1764564865&Signature=hAJiyI2a7GFQAYf%2BZT6Sc7%2FWr0U%3D,0.229301,3682
997605490,S4A06592_20180418_095000.flac,2018 SJWA-rose-2,2018,4,18,9,50,Agelaius tricolor,Alternative Song 2,40.128,40.5333,609,7406,12000,(not validated),https://rfcx-streams-production.s3.eu-west-1.amazonaws.com/2018/04/18/gunzylbkp5cs/34e620cb-d84e-b02c-4f03-3a472b07f9bb.flac?AWSAccessKeyId=AKIA45B7YWBX7MUJ7QCX&Expires=1764564865&Signature=%2B21ZMzVbW%2FoEcbGeOxHRVbkaft4%3D,0.208774,3682
997605491,S4A06592_20180418_092900.flac,2018 SJWA-rose-2,2018,4,18,9,29,Agelaius tricolor,Alternative Song 2,6.24,6.64533,609,7406,12000,present,https://rfcx-streams-production.s3.eu-west-1.amazonaws.com/2018/04/18/gunzylbkp5cs/41ec5e8f-6dd4-6b09-7da1-ab6c72f0aebe.flac?AWSAccessKeyId=AKIA45B7YWBX7MUJ7QCX&Expires=1764564865&Signature=MOTd2ULH74YkSZZxMVCiLqIdgnk%3D,0.204606,3682
997605492,S4A06592_20180418_101100.flac,2018 SJWA-rose-2,2018,4,18,10,11,Agelaius tricolor,Alternative Song 2,16.6933,17.0987,609,7406,12000,(not validated),https://rfcx-streams-production.s3.eu-west-1.amazonaws.com/2018/04/18/gunzylbkp5cs/b27a770b-8e23-5770-04ea-0fdc6a57b428.flac?AWSAccessKeyId=AKIA45B7YWBX7MUJ7QCX&Expires=1764564865&Signature=%2F%2FePf3tBmhl3Ge%2F6PpKFGzF1WOI%3D,0.229535,3682
997605493,S4A06592_20180418_111400.flac,2018 SJWA-rose-2,2018,4,18,11,14,Agelaius tricolor,Alternative Song 2,48.128,48.5333,609,7406,12000,(not validated),https://rfcx-streams-production.s3.eu-west-1.amazonaws.com/2018/04/18/gunzylbkp5cs/1090ad15-7b24-b5d6-c641-bd47de47bd72.flac?AWSAccessKeyId=AKIA45B7YWBX7MUJ7QCX&Expires=1764564865&Signature=9yY7YP3Pc9G%2FVxJU6Oc2Slc1vuU%3D,0.211959,3682
997605494,S4A06592_20180418_113500.flac,2018 SJWA-rose-2,2018,4,18,11,35,Agelaius tricolor,Alternative Song 2,9.00267,9.408,609,7406,12000,(not validated),https://rfcx-streams-production.s3.eu-west-1.amazonaws.com/2018/04/18/gunzylbkp5cs/3889b076-89c2-ba27-4006-3e4657c05e2c.flac?AWSAccessKeyId=AKIA45B7YWBX7MUJ7QCX&Expires=1764564865&Signature=Gi%2Bf%2BiAzlfAgXKTEINu2nyArxIU%3D,0.203116,3682
997605495,S4A06592_20180418_115600.flac,2018 SJWA-rose-2,2018,4,18,11,56,Agelaius tricolor,Alternative Song 2,30.9653,31.3707,609,7406,12000,present,https://rfcx-streams-production.s3.eu-west-1.amazonaws.com/2018/04/18/gunzylbkp5cs/8bc327dc-28f6-aa67-974a-e54e8c029c16.flac?AWSAccessKeyId=AKIA45B7YWBX7MUJ7QCX&Expires=1764564865&Signature=UweKSagx1%2BkdcinvsAk8DmpAkTM%3D,0.294597,3682
997605496,S4A06592_20180418_125900.flac,2018 SJWA-rose-2,2018,4,18,12,59,Agelaius tricolor,Alternative Song 2,14.88,15.2853,609,7406,12000,present,https://rfcx-streams-production.s3.eu-west-1.amazonaws.com/2018/04/18/gunzylbkp5cs/3b4b7b83-5af7-5980-8854-57981072f08b.flac?AWSAccessKeyId=AKIA45B7YWBX7MUJ7QCX&Expires=1764564865&Signature=7eATuLLebMSW7b%2FMA3r9N9dSvCk%3D,0.246984,3682
997605497,S4A06592_20180418_121700.flac,2018 SJWA-rose-2,2018,4,18,12,17,Agelaius tricolor,Alternative Song 2,50.4427,50.848,609,7406,12000,(not validated),https://rfcx-streams-production.s3.eu-west-1.amazonaws.com/2018/04/18/gunzylbkp5cs/1f216c16-b727-6f4d-3701-aaad6ec1d561.flac?AWSAccessKeyId=AKIA45B7YWBX7MUJ7QCX&Expires=1764564865&Signature=wdZD4nv%2B7I0B4hPQoJmGnbGo8G0%3D,0.253171,3682
997605498,S4A06592_20180418_132000.flac,2018 SJWA-rose-2,2018,4,18,13,20,Agelaius tricolor,Alternative Song 2,16.6293,17.0347,609,7406,12000,present,https://rfcx-streams-production.s3.eu-west-1.amazonaws.com/2018/04/18/gunzylbkp5cs/9db21b56-550b-a969-8b20-a6b384b6b9eb.flac?AWSAccessKeyId=AKIA45B7YWBX7MUJ7QCX&Expires=1764564865&Signature=8GdSCjqpiqKlvQQJi77T5d7InqA%3D,0.214447,3682
997605499,S4A06592_20180418_134100.flac,2018 SJWA-rose-2,2018,4,18,13,41,Agelaius tricolor,Alternative Song 2,45.216,45.6213,609,7406,12000,(not validated),https://rfcx-streams-production.s3.eu-west-1.amazonaws.com/2018/04/18/gunzylbkp5cs/e3596013-170b-9718-748b-8cfdf34cb6e3.flac?AWSAccessKeyId=AKIA45B7YWBX7MUJ7QCX&Expires=1764564865&Signature=XhwHIgZvs840VVe9H%2Bu92T2xuMs%3D,0.254001,3682
997605500,S4A06592_20180418_140200.flac,2018 SJWA-rose-2,2018,4,18,14,2,Agelaius tricolor,Alternative Song 2,3.81867,4.224,609,7406,12000,(not validated),https://rfcx-streams-production.s3.eu-west-1.amazonaws.com/2018/04/18/gunzylbkp5cs/c404e220-4f0f-c31c-d8e4-a2b4b8cb0455.flac?AWSAccessKeyId=AKIA45B7YWBX7MUJ7QCX&Expires=1764564865&Signature=MoVOkQtD7nJfRBM24jCIeiDkPOM%3D,0.226999,3682
997605501,S4A06592_20180418_150500.flac,2018 SJWA-rose-2,2018,4,18,15,5,Agelaius tricolor,Alternative Song 2,54.8693,55.2747,609,7406,12000,(not validated),https://rfcx-streams-production.s3.eu-west-1.amazonaws.com/2018/04/18/gunzylbkp5cs/3c6af30f-5181-d02e-5775-1e91f4d8fe29.flac?AWSAccessKeyId=AKIA45B7YWBX7MUJ7QCX&Expires=1764564865&Signature=uqKN1PHp7t40cl2eipeCaYgNCDY%3D,0.22064,3682
997605502,S4A06592_20180418_152600.flac,2018 SJWA-rose-2,2018,4,18,15,26,Agelaius tricolor,Alternative Song 2,37.5573,37.9627,609,7406,12000,(not validated),https://rfcx-streams-production.s3.eu-west-1.amazonaws.com/2018/04/18/gunzylbkp5cs/e4aa9d9a-28b5-3513-42cc-d56f0ce3d84d.flac?AWSAccessKeyId=AKIA45B7YWBX7MUJ7QCX&Expires=1764564865&Signature=BERq3Jcn5zeih8KerSEU91VaAm0%3D,0.212498,3682
997605503,S4A06592_20180418_142300.flac,2018 SJWA-rose-2,2018,4,18,14,23,Agelaius tricolor,Alternative Song 2,14.9227,15.328,609,7406,12000,(not validated),https://rfcx-streams-production.s3.eu-west-1.amazonaws.com/2018/04/18/gunzylbkp5cs/4bb2764e-ebb6-69fd-d8c6-c7d33f52923e.flac?AWSAccessKeyId=AKIA45B7YWBX7MUJ7QCX&Expires=1764564865&Signature=W2wtHxtMAE75deiOpjjMzbH9ToE%3D,0.223225,3682
997605504,S4A06592_20180418_155900.flac,2018 SJWA-rose-2,2018,4,18,15,59,Agelaius tricolor,Alternative Song 2,1.44,1.84533,609,7406,12000,present,https://rfcx-streams-production.s3.eu-west-1.amazonaws.com/2018/04/18/gunzylbkp5cs/c900da92-bed3-85ce-204a-0672815e270a.flac?AWSAccessKeyId=AKIA45B7YWBX7MUJ7QCX&Expires=1764564865&Signature=dEVdo6pXDy8Y%2By0zzkHMfvWy9UQ%3D,0.227724,3682
997605505,S4A06592_20180418_170200.flac,2018 SJWA-rose-2,2018,4,18,17,2,Agelaius tricolor,Alternative Song 2,6.816,7.22133,609,7406,12000,(not validated),https://rfcx-streams-production.s3.eu-west-1.amazonaws.com/2018/04/18/gunzylbkp5cs/ba74c38d-8bcd-1fea-7129-cd2969ec88bb.flac?AWSAccessKeyId=AKIA45B7YWBX7MUJ7QCX&Expires=1764564865&Signature=8kmM5HhJq1RUw2hy5PkjYJc2mgs%3D,0.278408,3682
997605506,S4A06592_20180418_154700.flac,2018 SJWA-rose-2,2018,4,18,15,47,Agelaius tricolor,Alternative Song 2,6.848,7.25333,609,7406,12000,(not validated),https://rfcx-streams-production.s3.eu-west-1.amazonaws.com/2018/04/18/gunzylbkp5cs/e58d2d30-d4e6-8212-28fd-aa45b26a8fa5.flac?AWSAccessKeyId=AKIA45B7YWBX7MUJ7QCX&Expires=1764564865&Signature=Ay3Sq8DcQFye1c8fzqY2R6n0xZU%3D,0.204152,3682
997605507,S4A06592_20180418_172300.flac,2018 SJWA-rose-2,2018,4,18,17,23,Agelaius tricolor,Alternative Song 2,27.2,27.6053,609,7406,12000,(not validated),https://rfcx-streams-production.s3.eu-west-1.amazonaws.com/2018/04/18/gunzylbkp5cs/79fd0417-10ab-cca8-c8ea-f33d027259fb.flac?AWSAccessKeyId=AKIA45B7YWBX7MUJ7QCX&Expires=1764564865&Signature=NV%2BDZLk%2FZaPpQsZVgACECWNCotQ%3D,0.303535,3682
997605508,S4A06592_20180418_182600.flac,2018 SJWA-rose-2,2018,4,18,18,26,Agelaius tricolor,Alternative Song 2,21.0027,21.408,609,7406,12000,(not validated),https://rfcx-streams-production.s3.eu-west-1.amazonaws.com/2018/04/18/gunzylbkp5cs/a0f8a139-9563-f585-77ab-59134da10f09.flac?AWSAccessKeyId=AKIA45B7YWBX7MUJ7QCX&Expires=1764564865&Signature=R%2B1tqxJql4XP6nZApOZ3pUjryFo%3D,0.220398,3682
997605509,S4A06592_20180418_180500.flac,2018 SJWA-rose-2,2018,4,18,18,5,Agelaius tricolor,Alternative Song 2,37.152,37.5573,609,7406,12000,(not validated),https://rfcx-streams-production.s3.eu-west-1.amazonaws.com/2018/04/18/gunzylbkp5cs/8a1e78a1-015a-434e-485b-13d2c1205801.flac?AWSAccessKeyId=AKIA45B7YWBX7MUJ7QCX&Expires=1764564865&Signature=tcWmhOxzn%2FBYTLG0D0Nlr1ugghw%3D,0.227456,3682
997605510,S4A06592_20180418_190800.flac,2018 SJWA-rose-2,2018,4,18,19,8,Agelaius tricolor,Alternative Song 2,11.1147,11.52,609,7406,12000,(not validated),https://rfcx-streams-production.s3.eu-west-1.amazonaws.com/2018/04/18/gunzylbkp5cs/f6d7a8d1-3cf0-9978-d500-7cfe77c37a5f.flac?AWSAccessKeyId=AKIA45B7YWBX7MUJ7QCX&Expires=1764564865&Signature=ANIdzqoHVydi1Tna6hCJyiNyr7g%3D,0.232012,3682
997605511,S4A06592_20180418_195000.flac,2018 SJWA-rose-2,2018,4,18,19,50,Agelaius tricolor,Alternative Song 2,39.7227,40.128,609,7406,12000,(not validated),https://rfcx-streams-production.s3.eu-west-1.amazonaws.com/2018/04/18/gunzylbkp5cs/5dfb9aea-c65c-490a-a2b1-4f084a1061df.flac?AWSAccessKeyId=AKIA45B7YWBX7MUJ7QCX&Expires=1764564865&Signature=0WyjlYAYkq14HqVi%2BBLIBolF%2FIM%3D,0.243108,3682
997605512,S4A06592_20180418_192900.flac,2018 SJWA-rose-2,2018,4,18,19,29,Agelaius tricolor,Alternative Song 2,51.2,51.6053,609,7406,12000,(not validated),https://rfcx-streams-production.s3.eu-west-1.amazonaws.com/2018/04/18/gunzylbkp5cs/67c37d83-dd85-06ae-e487-aa1722b0e8c7.flac?AWSAccessKeyId=AKIA45B7YWBX7MUJ7QCX&Expires=1764564865&Signature=gPJiaPnPlYwdrW6YnO11PpAzi1w%3D,0.249045,3682
997605513,S4A06592_20180418_184700.flac,2018 SJWA-rose-2,2018,4,18,18,47,Agelaius tricolor,Alternative Song 2,35.0507,35.456,609,7406,12000,(not validated),https://rfcx-streams-production.s3.eu-west-1.amazonaws.com/2018/04/18/gunzylbkp5cs/7fec5bf2-e96a-c994-7e38-4ba3ee8c0b70.flac?AWSAccessKeyId=AKIA45B7YWBX7MUJ7QCX&Expires=1764564865&Signature=kz3GE%2Bf98IE9%2B%2F8fdGBxqoOZE0Y%3D,0.200042,3682
997605514,S4A06592_20180418_201100.flac,2018 SJWA-rose-2,2018,4,18,20,11,Agelaius tricolor,Alternative Song 2,31.936,32.3413,609,7406,12000,(not validated),https://rfcx-streams-production.s3.eu-west-1.amazonaws.com/2018/04/18/gunzylbkp5cs/386575b4-ad67-aba2-f3b5-a55e74e702f6.flac?AWSAccessKeyId=AKIA45B7YWBX7MUJ7QCX&Expires=1764564865&Signature=kqw23iP%2BAU4uQD2c%2FOhjy4W6MU8%3D,0.280644,3682
997605515,S4A06592_20180418_205300.flac,2018 SJWA-rose-2,2018,4,18,20,53,Agelaius tricolor,Alternative Song 2,14.3893,14.7947,609,7406,12000,(not validated),https://rfcx-streams-production.s3.eu-west-1.amazonaws.com/2018/04/18/gunzylbkp5cs/9ee03472-da52-0746-5012-3c1e534f0afa.flac?AWSAccessKeyId=AKIA45B7YWBX7MUJ7QCX&Expires=1764564865&Signature=PBL4O3nedpTqt22gsl72yPjd394%3D,0.253175,3682
997605516,S4A06592_20180418_162000.flac,2018 SJWA-rose-2,2018,4,18,16,20,Agelaius tricolor,Alternative Song 2,51.8507,52.256,609,7406,12000,present,https://rfcx-streams-production.s3.eu-west-1.amazonaws.com/2018/04/18/gunzylbkp5cs/36afb955-5b9a-ca78-2938-eb1ef5965205.flac?AWSAccessKeyId=AKIA45B7YWBX7MUJ7QCX&Expires=1764564865&Signature=AIExYkPxwLmtVTz9MIHmjWiegsk%3D,0.229733,3682
997605517,S4A06592_20180418_211400.flac,2018 SJWA-rose-2,2018,4,18,21,14,Agelaius tricolor,Alternative Song 2,23.36,23.7653,609,7406,12000,(not validated),https://rfcx-streams-production.s3.eu-west-1.amazonaws.com/2018/04/18/gunzylbkp5cs/a003dc72-ab83-47cc-a3c0-60396f503c5a.flac?AWSAccessKeyId=AKIA45B7YWBX7MUJ7QCX&Expires=1764564865&Signature=DHrJlgE1PaZkOrErjv6P8GT34Hc%3D,0.223917,3682
997605518,S4A06592_20180418_215600.flac,2018 SJWA-rose-2,2018,4,18,21,56,Agelaius tricolor,Alternative Song 2,3.52,3.92533,609,7406,12000,(not validated),https://rfcx-streams-production.s3.eu-west-1.amazonaws.com/2018/04/18/gunzylbkp5cs/846574f6-98a4-487e-c57f-30641e48827a.flac?AWSAccessKeyId=AKIA45B7YWBX7MUJ7QCX&Expires=1764564865&Signature=P7O90wroRjudyW6%2BWiME3SjC7Kc%3D,0.225447,3682
997605519,S4A06592_20180418_213500.flac,2018 SJWA-rose-2,2018,4,18,21,35,Agelaius tricolor,Alternative Song 2,1.408,1.81333,609,7406,12000,(not validated),https://rfcx-streams-production.s3.eu-west-1.amazonaws.com/2018/04/18/gunzylbkp5cs/8aa289a7-2eda-7137-d6ce-dd07f46ed3b3.flac?AWSAccessKeyId=AKIA45B7YWBX7MUJ7QCX&Expires=1764564865&Signature=6rCEFzCVBwFNGIyauk3zL2Ydbnk%3D,0.204796,3682
997605520,S4A06592_20180418_221700.flac,2018 SJWA-rose-2,2018,4,18,22,17,Agelaius tricolor,Alternative Song 2,22.1653,22.5707,609,7406,12000,(not validated),https://rfcx-streams-production.s3.eu-west-1.amazonaws.com/2018/04/18/gunzylbkp5cs/daf56f7c-5573-0749-79a0-7c0fb8fdb554.flac?AWSAccessKeyId=AKIA45B7YWBX7MUJ7QCX&Expires=1764564865&Signature=kUBktQhI8Bw10skl%2F7XBz1a9pbM%3D,0.241447,3682
997605521,S4A06592_20180418_225900.flac,2018 SJWA-rose-2,2018,4,18,22,59,Agelaius tricolor,Alternative Song 2,17.12,17.5253,609,7406,12000,(not validated),https://rfcx-streams-production.s3.eu-west-1.amazonaws.com/2018/04/18/gunzylbkp5cs/d32ec295-8efa-dd6b-2d45-b9ce601b160d.flac?AWSAccessKeyId=AKIA45B7YWBX7MUJ7QCX&Expires=1764564865&Signature=ouuAnLSjyNY8RWuKxFvFclZZcMA%3D,0.22396,3682
997605522,S4A06592_20180418_203200.flac,2018 SJWA-rose-2,2018,4,18,20,32,Agelaius tricolor,Alternative Song 2,29.696,30.1013,609,7406,12000,(not validated),https://rfcx-streams-production.s3.eu-west-1.amazonaws.com/2018/04/18/gunzylbkp5cs/7f0dfb92-1a06-1f24-f0ff-fb864fce05ac.flac?AWSAccessKeyId=AKIA45B7YWBX7MUJ7QCX&Expires=1764564865&Signature=hewFlkQ60gBQJ80Y9LuxYk9sANA%3D,0.211196,3682
997605523,S4A06592_20180418_232000.flac,2018 SJWA-rose-2,2018,4,18,23,20,Agelaius tricolor,Alternative Song 2,11.4133,11.8187,609,7406,12000,(not validated),https://rfcx-streams-production.s3.eu-west-1.amazonaws.com/2018/04/18/gunzylbkp5cs/ef32c279-a18c-fab7-d35e-8fdb125334f4.flac?AWSAccessKeyId=AKIA45B7YWBX7MUJ7QCX&Expires=1764564865&Signature=AZs3PeMOkJiHj6ZgWAF%2FvDJ2d7Q%3D,0.305968,3682
997605524,S4A06592_20180418_234100.flac,2018 SJWA-rose-2,2018,4,18,23,41,Agelaius tricolor,Alternative Song 2,12.4693,12.8747,609,7406,12000,(not validated),https://rfcx-streams-production.s3.eu-west-1.amazonaws.com/2018/04/18/gunzylbkp5cs/e2706778-7f0b-424a-aeaa-3ee1731150e4.flac?AWSAccessKeyId=AKIA45B7YWBX7MUJ7QCX&Expires=1764564865&Signature=vkIxIPt22N%2FMUxpJ8C7r6sX%2FYrw%3D,0.291652,3682
997605525,S4A06592_20180419_000200.flac,2018 SJWA-rose-2,2018,4,19,0,2,Agelaius tricolor,Alternative Song 2,35.7227,36.128,609,7406,12000,(not validated),https://rfcx-streams-production.s3.eu-west-1.amazonaws.com/2018/04/18/gunzylbkp5cs/bdb58d90-901c-61c6-2122-0c8412fc9aad.flac?AWSAccessKeyId=AKIA45B7YWBX7MUJ7QCX&Expires=1764564865&Signature=jUBj6im041ZukfBTO%2FKlJULmjkQ%3D,0.235672,3682
997605526,S4A06592_20180419_004400.flac,2018 SJWA-rose-2,2018,4,19,0,44,Agelaius tricolor,Alternative Song 2,23.712,24.1173,609,7406,12000,(not validated),https://rfcx-streams-production.s3.eu-west-1.amazonaws.com/2018/04/18/gunzylbkp5cs/3d2fb625-5e78-12d7-552e-1dbc2584f1b5.flac?AWSAccessKeyId=AKIA45B7YWBX7MUJ7QCX&Expires=1764564865&Signature=9S2jsXYyOxjrS02TUboPpABOeuY%3D,0.216198,3682
997605527,S4A06592_20180419_002300.flac,2018 SJWA-rose-2,2018,4,19,0,23,Agelaius tricolor,Alternative Song 2,28.8107,29.216,609,7406,12000,(not validated),https://rfcx-streams-production.s3.eu-west-1.amazonaws.com/2018/04/18/gunzylbkp5cs/885c66d2-1169-ac08-0102-bf7c2e08017d.flac?AWSAccessKeyId=AKIA45B7YWBX7MUJ7QCX&Expires=1764564865&Signature=Orm1dU%2FFADw%2BqmvXTtA73N18EnY%3D,0.223147,3682
997605528,S4A06592_20180419_010500.flac,2018 SJWA-rose-2,2018,4,19,1,5,Agelaius tricolor,Alternative Song 2,57.472,57.8773,609,7406,12000,(not validated),https://rfcx-streams-production.s3.eu-west-1.amazonaws.com/2018/04/18/gunzylbkp5cs/9a1d6232-2d4d-b516-1964-1b72c76bd71d.flac?AWSAccessKeyId=AKIA45B7YWBX7MUJ7QCX&Expires=1764564865&Signature=3wBDXg779J%2FAmGaYZGMgaUbM8es%3D,0.26045,3682
997605529,S4A06592_20180419_014700.flac,2018 SJWA-rose-2,2018,4,19,1,47,Agelaius tricolor,Alternative Song 2,56.6187,57.024,609,7406,12000,(not validated),https://rfcx-streams-production.s3.eu-west-1.amazonaws.com/2018/04/18/gunzylbkp5cs/6a984e05-6c56-391a-c33c-69e14c4c5e85.flac?AWSAccessKeyId=AKIA45B7YWBX7MUJ7QCX&Expires=1764564865&Signature=aJ22XkGmSVbTJlRQzWDmnWcm36s%3D,0.213026,3682
997605530,S4A06592_20180419_031100.flac,2018 SJWA-rose-2,2018,4,19,3,11,Agelaius tricolor,Alternative Song 2,16.6613,17.0667,609,7406,12000,(not validated),https://rfcx-streams-production.s3.eu-west-1.amazonaws.com/2018/04/18/gunzylbkp5cs/259081f5-cb06-608f-cf6a-6ee2be177835.flac?AWSAccessKeyId=AKIA45B7YWBX7MUJ7QCX&Expires=1764564865&Signature=dKs3xDjboaHyqWqyahXaKJ76Dn4%3D,0.206651,3682
997605531,S4A06592_20180419_025000.flac,2018 SJWA-rose-2,2018,4,19,2,50,Agelaius tricolor,Alternative Song 2,32.8,33.2053,609,7406,12000,(not validated),https://rfcx-streams-production.s3.eu-west-1.amazonaws.com/2018/04/18/gunzylbkp5cs/a14e0fb6-77ac-a58f-c09e-b7488d11a24c.flac?AWSAccessKeyId=AKIA45B7YWBX7MUJ7QCX&Expires=1764564865&Signature=yMXxzUT21TSeI0pzMT%2FjGiCusl8%3D,0.294405,3682
997605532,S4A06592_20180419_033200.flac,2018 SJWA-rose-2,2018,4,19,3,32,Agelaius tricolor,Alternative Song 2,6.41067,6.816,609,7406,12000,(not validated),https://rfcx-streams-production.s3.eu-west-1.amazonaws.com/2018/04/18/gunzylbkp5cs/7029de88-511c-7d3c-61a3-d470370550d4.flac?AWSAccessKeyId=AKIA45B7YWBX7MUJ7QCX&Expires=1764564865&Signature=p1TSFBiwENMj%2FsYr9pZ6AhhBlIY%3D,0.274351,3682
997605533,S4A06592_20180419_041400.flac,2018 SJWA-rose-2,2018,4,19,4,14,Agelaius tricolor,Alternative Song 2,33.8027,34.208,609,7406,12000,(not validated),https://rfcx-streams-production.s3.eu-west-1.amazonaws.com/2018/04/18/gunzylbkp5cs/126d75a9-9410-4c5e-eef3-9db6002a4c44.flac?AWSAccessKeyId=AKIA45B7YWBX7MUJ7QCX&Expires=1764564865&Signature=0fw5ckz944VKcbRY9c89zruNKyQ%3D,0.240169,3682
997605534,S4A06592_20180419_051700.flac,2018 SJWA-rose-2,2018,4,19,5,17,Agelaius tricolor,Alternative Song 2,19.7653,20.1707,609,7406,12000,(not validated),https://rfcx-streams-production.s3.eu-west-1.amazonaws.com/2018/04/18/gunzylbkp5cs/96d61b0e-7c4d-2c5d-234f-72a4bbe17be5.flac?AWSAccessKeyId=AKIA45B7YWBX7MUJ7QCX&Expires=1764564865&Signature=pXy5aoQiZlS0KRt4rg%2FgyOPq4jc%3D,0.235104,3682
997605535,S4A06592_20180419_043500.flac,2018 SJWA-rose-2,2018,4,19,4,35,Agelaius tricolor,Alternative Song 2,9.86667,10.272,609,7406,12000,(not validated),https://rfcx-streams-production.s3.eu-west-1.amazonaws.com/2018/04/18/gunzylbkp5cs/084bfb35-9fc9-2ede-4927-5ead1e401cc0.flac?AWSAccessKeyId=AKIA45B7YWBX7MUJ7QCX&Expires=1764564865&Signature=pWb6kZr%2BW4mmtuyMg7jEGkHA8T0%3D,0.230688,3682
997605536,S4A06592_20180419_053800.flac,2018 SJWA-rose-2,2018,4,19,5,38,Agelaius tricolor,Alternative Song 2,8.52267,8.928,609,7406,12000,(not validated),https://rfcx-streams-production.s3.eu-west-1.amazonaws.com/2018/04/18/gunzylbkp5cs/3d97f733-b7fc-902b-2b22-2877692c337d.flac?AWSAccessKeyId=AKIA45B7YWBX7MUJ7QCX&Expires=1764564865&Signature=gCoHRPkyp%2BXvxFR18ucWUR0fub4%3D,0.26072,3682
997605537,S4A06592_20180419_055900.flac,2018 SJWA-rose-2,2018,4,19,5,59,Agelaius tricolor,Alternative Song 2,38.432,38.8373,609,7406,12000,(not validated),https://rfcx-streams-production.s3.eu-west-1.amazonaws.com/2018/04/18/gunzylbkp5cs/112d32a3-87ae-2b03-fa2b-25ce50a7ccd4.flac?AWSAccessKeyId=AKIA45B7YWBX7MUJ7QCX&Expires=1764564865&Signature=RTS6mAj2aBQvvHWKMRCpCZC%2BL4s%3D,0.215807,3682
997605538,S4A06592_20180419_070200.flac,2018 SJWA-rose-2,2018,4,19,7,2,Agelaius tricolor,Alternative Song 2,9.92,10.3253,609,7406,12000,present,https://rfcx-streams-production.s3.eu-west-1.amazonaws.com/2018/04/19/gunzylbkp5cs/e73ab8ea-31fb-ec66-680e-3eab6af8ed3c.flac?AWSAccessKeyId=AKIA45B7YWBX7MUJ7QCX&Expires=1764564865&Signature=hwIOjUsVMfHijpqEMoHX2C%2FidyE%3D,0.267535,3682
997605539,S4A06592_20180419_064100.flac,2018 SJWA-rose-2,2018,4,19,6,41,Agelaius tricolor,Alternative Song 2,0.202667,0.608,609,7406,12000,(not validated),https://rfcx-streams-production.s3.eu-west-1.amazonaws.com/2018/04/18/gunzylbkp5cs/e2372739-0e81-19b1-34ad-97ab515180cb.flac?AWSAccessKeyId=AKIA45B7YWBX7MUJ7QCX&Expires=1764564865&Signature=J7j%2FpPpqn57tM9texaktwhC%2B6II%3D,0.215631,3682
997605540,S4A06592_20180419_080500.flac,2018 SJWA-rose-2,2018,4,19,8,5,Agelaius tricolor,Alternative Song 2,0.416,0.821333,609,7406,12000,present,https://rfcx-streams-production.s3.eu-west-1.amazonaws.com/2018/04/19/gunzylbkp5cs/005c30cd-88bb-b965-ccd2-67b85a3895e9.flac?AWSAccessKeyId=AKIA45B7YWBX7MUJ7QCX&Expires=1764564865&Signature=3Qs2GNQJIalc6BoXCLE52u3pOeA%3D,0.242645,3682
997605541,S4A06592_20180419_074400.flac,2018 SJWA-rose-2,2018,4,19,7,44,Agelaius tricolor,Alternative Song 2,43.1467,43.552,609,7406,12000,present,https://rfcx-streams-production.s3.eu-west-1.amazonaws.com/2018/04/19/gunzylbkp5cs/0ee1101a-cd26-926a-6631-89243c7fc06f.flac?AWSAccessKeyId=AKIA45B7YWBX7MUJ7QCX&Expires=1764564865&Signature=LGQ6ojZN7RCaeWKDs4vsrSJTZWE%3D,0.230389,3682
997605542,S4A06592_20180419_082600.flac,2018 SJWA-rose-2,2018,4,19,8,26,Agelaius tricolor,Alternative Song 2,54.2613,54.6667,609,7406,12000,present,https://rfcx-streams-production.s3.eu-west-1.amazonaws.com/2018/04/19/gunzylbkp5cs/7f0928ae-ca0c-b654-699b-44fed6e46c56.flac?AWSAccessKeyId=AKIA45B7YWBX7MUJ7QCX&Expires=1764564865&Signature=P25Rnt8sPso8pqz94USD1HodVHs%3D,0.258625,3682
997605543,S4A06592_20180419_084700.flac,2018 SJWA-rose-2,2018,4,19,8,47,Agelaius tricolor,Alternative Song 2,46.7627,47.168,609,7406,12000,present,https://rfcx-streams-production.s3.eu-west-1.amazonaws.com/2018/04/19/gunzylbkp5cs/1a31dd23-0a56-1464-a966-ff9b68d60c34.flac?AWSAccessKeyId=AKIA45B7YWBX7MUJ7QCX&Expires=1764564865&Signature=RORSKCni5qMZyfEWKjGcQFDA4RE%3D,0.296129,3682
997605544,S4A06592_20180419_092900.flac,2018 SJWA-rose-2,2018,4,19,9,29,Agelaius tricolor,Alternative Song 2,24.4693,24.8747,609,7406,12000,(not validated),https://rfcx-streams-production.s3.eu-west-1.amazonaws.com/2018/04/19/gunzylbkp5cs/dbfe5efc-8c92-34f7-599a-afbf111e805e.flac?AWSAccessKeyId=AKIA45B7YWBX7MUJ7QCX&Expires=1764564865&Signature=P9bnYmvamojAjqrCk%2BWGo%2B9ljHQ%3D,0.24029,3682
997605545,S4A06592_20180419_090800.flac,2018 SJWA-rose-2,2018,4,19,9,8,Agelaius tricolor,Alternative Song 2,59.5307,59.936,609,7406,12000,present,https://rfcx-streams-production.s3.eu-west-1.amazonaws.com/2018/04/19/gunzylbkp5cs/062e5d99-13e3-2acf-6cb1-8858c42e0ca1.flac?AWSAccessKeyId=AKIA45B7YWBX7MUJ7QCX&Expires=1764564865&Signature=Lgyyp9M7gVTs8PWRvS1p%2BZTQfto%3D,0.315919,3682
997605546,S4A06592_20180419_111400.flac,2018 SJWA-rose-2,2018,4,19,11,14,Agelaius tricolor,Alternative Song 2,45.8133,46.2187,609,7406,12000,(not validated),https://rfcx-streams-production.s3.eu-west-1.amazonaws.com/2018/04/19/gunzylbkp5cs/88d43915-aa99-76df-f777-410edebab1a3.flac?AWSAccessKeyId=AKIA45B7YWBX7MUJ7QCX&Expires=1764564865&Signature=kKjDtUiJS5PCElK8CcxgfTncukA%3D,0.23339,3682
997605547,S4A06592_20180419_103200.flac,2018 SJWA-rose-2,2018,4,19,10,32,Agelaius tricolor,Alternative Song 2,43.5733,43.9787,609,7406,12000,(not validated),https://rfcx-streams-production.s3.eu-west-1.amazonaws.com/2018/04/19/gunzylbkp5cs/d807cc37-318e-a5c1-d200-f23a142054a2.flac?AWSAccessKeyId=AKIA45B7YWBX7MUJ7QCX&Expires=1764564865&Signature=wzd3V88DiCJDouIvb6%2BAyuN4g10%3D,0.256124,3682
997605548,S4A06592_20180419_121700.flac,2018 SJWA-rose-2,2018,4,19,12,17,Agelaius tricolor,Alternative Song 2,43.1467,43.552,609,7406,12000,(not validated),https://rfcx-streams-production.s3.eu-west-1.amazonaws.com/2018/04/19/gunzylbkp5cs/a62eb03e-17a4-bb46-58a2-b686051afc6a.flac?AWSAccessKeyId=AKIA45B7YWBX7MUJ7QCX&Expires=1764564865&Signature=IpY0zgPPyEtqJjmdV%2BYEJtCEGf8%3D,0.210599,3682
997605549,S4A06592_20180419_115600.flac,2018 SJWA-rose-2,2018,4,19,11,56,Agelaius tricolor,Alternative Song 2,23.0613,23.4667,609,7406,12000,(not validated),https://rfcx-streams-production.s3.eu-west-1.amazonaws.com/2018/04/19/gunzylbkp5cs/425cc451-5c31-e567-a57c-19e5c51e21a8.flac?AWSAccessKeyId=AKIA45B7YWBX7MUJ7QCX&Expires=1764564865&Signature=v%2FnM%2F69vGZZSyGNABOowf6Zi6LE%3D,0.215593,3682
997605550,S4A06592_20180419_125900.flac,2018 SJWA-rose-2,2018,4,19,12,59,Agelaius tricolor,Alternative Song 2,58.8267,59.232,609,7406,12000,(not validated),https://rfcx-streams-production.s3.eu-west-1.amazonaws.com/2018/04/19/gunzylbkp5cs/28bb212e-35c8-1525-cd8c-0f67bfe6e4aa.flac?AWSAccessKeyId=AKIA45B7YWBX7MUJ7QCX&Expires=1764564865&Signature=wONed0e%2B31Cy04ecpQA28CXSGTo%3D,0.251103,3682
997605551,S4A06592_20180419_105300.flac,2018 SJWA-rose-2,2018,4,19,10,53,Agelaius tricolor,Alternative Song 2,59.552,59.9573,609,7406,12000,(not validated),https://rfcx-streams-production.s3.eu-west-1.amazonaws.com/2018/04/19/gunzylbkp5cs/c84b822e-5579-503b-a67b-b2daaae8483c.flac?AWSAccessKeyId=AKIA45B7YWBX7MUJ7QCX&Expires=1764564865&Signature=BAkCKZcMnZafKM6wYrqH%2BZgXG8c%3D,0.228386,3682
997605552,S4A06592_20180419_132000.flac,2018 SJWA-rose-2,2018,4,19,13,20,Agelaius tricolor,Alternative Song 2,29.4613,29.8667,609,7406,12000,(not validated),https://rfcx-streams-production.s3.eu-west-1.amazonaws.com/2018/04/19/gunzylbkp5cs/6a874d60-2361-88ee-d806-14665223e79c.flac?AWSAccessKeyId=AKIA45B7YWBX7MUJ7QCX&Expires=1764564865&Signature=qmFiI8TQ7etsHJ%2B%2BQ5K%2BAw3zK1A%3D,0.230762,3682
997605553,S4A06592_20180419_134100.flac,2018 SJWA-rose-2,2018,4,19,13,41,Agelaius tricolor,Alternative Song 2,11.6693,12.0747,609,7406,12000,(not validated),https://rfcx-streams-production.s3.eu-west-1.amazonaws.com/2018/04/19/gunzylbkp5cs/1356653e-1b43-3ed9-27e9-a8f729a1479b.flac?AWSAccessKeyId=AKIA45B7YWBX7MUJ7QCX&Expires=1764564865&Signature=lLX7yvW312s64aTlUUlfvY3NRkM%3D,0.328187,3682
997605554,S4A06592_20180419_142300.flac,2018 SJWA-rose-2,2018,4,19,14,23,Agelaius tricolor,Alternative Song 2,10.2933,10.6987,609,7406,12000,(not validated),https://rfcx-streams-production.s3.eu-west-1.amazonaws.com/2018/04/19/gunzylbkp5cs/aab8e7f7-7d7c-f6c6-a1f7-c34c758fdc98.flac?AWSAccessKeyId=AKIA45B7YWBX7MUJ7QCX&Expires=1764564865&Signature=hJNCwjHYZlK3j3%2FU9uyhH9bD5VY%3D,0.244105,3682
997605555,S4A06592_20180419_144400.flac,2018 SJWA-rose-2,2018,4,19,14,44,Agelaius tricolor,Alternative Song 2,44.256,44.6613,609,7406,12000,present,https://rfcx-streams-production.s3.eu-west-1.amazonaws.com/2018/04/19/gunzylbkp5cs/0fb20d1b-6a73-12f6-21b2-8909a3b6a8fe.flac?AWSAccessKeyId=AKIA45B7YWBX7MUJ7QCX&Expires=1764564865&Signature=aroNoJc991R1eNd5ufwaOd9oAGw%3D,0.281587,3682
997605556,S4A06592_20180419_123800.flac,2018 SJWA-rose-2,2018,4,19,12,38,Agelaius tricolor,Alternative Song 2,35.9467,36.352,609,7406,12000,(not validated),https://rfcx-streams-production.s3.eu-west-1.amazonaws.com/2018/04/19/gunzylbkp5cs/59930c9d-c1b6-ea7b-c60d-92ae8f6f0434.flac?AWSAccessKeyId=AKIA45B7YWBX7MUJ7QCX&Expires=1764564865&Signature=qsHsUrLFHrDLNzTCe4A2WaRnRrk%3D,0.212501,3682
997605557,S4A06592_20180419_152600.flac,2018 SJWA-rose-2,2018,4,19,15,26,Agelaius tricolor,Alternative Song 2,8.42667,8.832,609,7406,12000,present,https://rfcx-streams-production.s3.eu-west-1.amazonaws.com/2018/04/19/gunzylbkp5cs/a799a777-57cf-8c9f-ec31-a6a286e06230.flac?AWSAccessKeyId=AKIA45B7YWBX7MUJ7QCX&Expires=1764564865&Signature=lVD707oHc9ZHa5imeg%2FjLv%2FJows%3D,0.269348,3682
997605558,S4A06592_20180419_113500.flac,2018 SJWA-rose-2,2018,4,19,11,35,Agelaius tricolor,Alternative Song 2,51.6267,52.032,609,7406,12000,(not validated),https://rfcx-streams-production.s3.eu-west-1.amazonaws.com/2018/04/19/gunzylbkp5cs/3341b193-b490-c6da-a5ad-337cbb80a094.flac?AWSAccessKeyId=AKIA45B7YWBX7MUJ7QCX&Expires=1764564865&Signature=QDIdqWGtuWx%2FfNVtAi0ojrLpS8M%3D,0.275323,3682
997605559,S4A06592_20180419_150500.flac,2018 SJWA-rose-2,2018,4,19,15,5,Agelaius tricolor,Alternative Song 2,12.1707,12.576,609,7406,12000,present,https://rfcx-streams-production.s3.eu-west-1.amazonaws.com/2018/04/19/gunzylbkp5cs/d9218eb4-f011-0761-3459-7163effd5195.flac?AWSAccessKeyId=AKIA45B7YWBX7MUJ7QCX&Expires=1764564865&Signature=uZVZn2LfGaIh26GDjapVoNkVvfw%3D,0.274856,3682
997605560,S4A06592_20180419_154700.flac,2018 SJWA-rose-2,2018,4,19,15,47,Agelaius tricolor,Alternative Song 2,27.6053,28.0107,609,7406,12000,present,https://rfcx-streams-production.s3.eu-west-1.amazonaws.com/2018/04/19/gunzylbkp5cs/896e0fdc-3d23-49f2-5955-d92bd97ca560.flac?AWSAccessKeyId=AKIA45B7YWBX7MUJ7QCX&Expires=1764564865&Signature=LL8uevXyImhMOg1wL2Gfb%2BZ5p1g%3D,0.257049,3682
997605561,S4A06592_20180419_162000.flac,2018 SJWA-rose-2,2018,4,19,16,20,Agelaius tricolor,Alternative Song 2,18.6133,19.0187,609,7406,12000,(not validated),https://rfcx-streams-production.s3.eu-west-1.amazonaws.com/2018/04/19/gunzylbkp5cs/9900b179-1d1d-db64-0925-bda63dcbd28a.flac?AWSAccessKeyId=AKIA45B7YWBX7MUJ7QCX&Expires=1764564865&Signature=Y2LSIzlQ09zTa%2Fw6tO%2Bkp%2FFAeRE%3D,0.252554,3682
997605562,S4A06592_20180419_155900.flac,2018 SJWA-rose-2,2018,4,19,15,59,Agelaius tricolor,Alternative Song 2,13.056,13.4613,609,7406,12000,(not validated),https://rfcx-streams-production.s3.eu-west-1.amazonaws.com/2018/04/19/gunzylbkp5cs/93c18d7b-73b2-c482-6bc6-028bbe86e500.flac?AWSAccessKeyId=AKIA45B7YWBX7MUJ7QCX&Expires=1764564865&Signature=v9etqeCBc8AT%2BRtqvNudeVgJprg%3D,0.267513,3682
997605563,S4A06592_20180419_164100.flac,2018 SJWA-rose-2,2018,4,19,16,41,Agelaius tricolor,Alternative Song 2,28.4907,28.896,609,7406,12000,(not validated),https://rfcx-streams-production.s3.eu-west-1.amazonaws.com/2018/04/19/gunzylbkp5cs/8c8c936f-150e-14eb-1c85-b1cb18b346d3.flac?AWSAccessKeyId=AKIA45B7YWBX7MUJ7QCX&Expires=1764564865&Signature=zUPJFyXqwvlJvTl7tGcj1bnlG1E%3D,0.235955,3682
997605564,S4A06592_20180419_170200.flac,2018 SJWA-rose-2,2018,4,19,17,2,Agelaius tricolor,Alternative Song 2,57.4827,57.888,609,7406,12000,(not validated),https://rfcx-streams-production.s3.eu-west-1.amazonaws.com/2018/04/19/gunzylbkp5cs/795ee0d7-251a-f70f-b6f8-2e7942c47b4c.flac?AWSAccessKeyId=AKIA45B7YWBX7MUJ7QCX&Expires=1764564865&Signature=2%2Bh9aIacbMI34I8fXkk8QXHB3uw%3D,0.288329,3682
997605565,S4A06592_20180419_172300.flac,2018 SJWA-rose-2,2018,4,19,17,23,Agelaius tricolor,Alternative Song 2,29.5893,29.9947,609,7406,12000,present,https://rfcx-streams-production.s3.eu-west-1.amazonaws.com/2018/04/19/gunzylbkp5cs/ed78f4e7-f4d3-f878-c22b-7fa92c0df03a.flac?AWSAccessKeyId=AKIA45B7YWBX7MUJ7QCX&Expires=1764564865&Signature=WRWe0Qo0f0scS9NwWoYWlI6r5tc%3D,0.214356,3682
997605566,S4A06592_20180419_180500.flac,2018 SJWA-rose-2,2018,4,19,18,5,Agelaius tricolor,Alternative Song 2,39.6587,40.064,609,7406,12000,present,https://rfcx-streams-production.s3.eu-west-1.amazonaws.com/2018/04/19/gunzylbkp5cs/bde39a72-3a6f-ecdb-a3dc-f12d8568f36c.flac?AWSAccessKeyId=AKIA45B7YWBX7MUJ7QCX&Expires=1764564865&Signature=S1ZjyqHoJnPcUJEO%2FW0GsuoGLl0%3D,0.225436,3682
997605567,S4A06592_20180419_184700.flac,2018 SJWA-rose-2,2018,4,19,18,47,Agelaius tricolor,Alternative Song 2,26.976,27.3813,609,7406,12000,(not validated),https://rfcx-streams-production.s3.eu-west-1.amazonaws.com/2018/04/19/gunzylbkp5cs/ad99c14f-929b-8ee2-84a1-465e8c2c5cd3.flac?AWSAccessKeyId=AKIA45B7YWBX7MUJ7QCX&Expires=1764564865&Signature=l31YVk%2B8b3CALeF%2B236RDBBZaWo%3D,0.278872,3682
997605568,S4A06592_20180419_182600.flac,2018 SJWA-rose-2,2018,4,19,18,26,Agelaius tricolor,Alternative Song 2,50.6027,51.008,609,7406,12000,(not validated),https://rfcx-streams-production.s3.eu-west-1.amazonaws.com/2018/04/19/gunzylbkp5cs/debbb2d8-1da3-c7d0-c134-fd45c6434ad0.flac?AWSAccessKeyId=AKIA45B7YWBX7MUJ7QCX&Expires=1764564865&Signature=7aBfa33FZJZFM8L3%2F5dZKtFiW30%3D,0.308606,3682
997605569,S4A06592_20180419_190800.flac,2018 SJWA-rose-2,2018,4,19,19,8,Agelaius tricolor,Alternative Song 2,56.4907,56.896,609,7406,12000,(not validated),https://rfcx-streams-production.s3.eu-west-1.amazonaws.com/2018/04/19/gunzylbkp5cs/a58a19ce-af31-4a7e-f1fe-2dc7664aed29.flac?AWSAccessKeyId=AKIA45B7YWBX7MUJ7QCX&Expires=1764564865&Signature=0S9p4PxrE1uCOUWojHYct8dId8A%3D,0.334858,3682
997605570,S4A06592_20180419_192900.flac,2018 SJWA-rose-2,2018,4,19,19,29,Agelaius tricolor,Alternative Song 2,15.8827,16.288,609,7406,12000,present,https://rfcx-streams-production.s3.eu-west-1.amazonaws.com/2018/04/19/gunzylbkp5cs/bc15314a-a826-4f40-38bc-23a12dbbcb4c.flac?AWSAccessKeyId=AKIA45B7YWBX7MUJ7QCX&Expires=1764564865&Signature=N%2FeOAi2oCnirIVbKqETwLq%2FADeA%3D,0.272682,3682
997605571,S4A06592_20180419_195000.flac,2018 SJWA-rose-2,2018,4,19,19,50,Agelaius tricolor,Alternative Song 2,52.4907,52.896,609,7406,12000,(not validated),https://rfcx-streams-production.s3.eu-west-1.amazonaws.com/2018/04/19/gunzylbkp5cs/3f68b34b-f5ac-334e-e076-57c92f75bd84.flac?AWSAccessKeyId=AKIA45B7YWBX7MUJ7QCX&Expires=1764564865&Signature=OcBAMbb7a%2BlSLr8dugtTpWXAIYQ%3D,0.275989,3682
997605572,S4A06592_20180419_205300.flac,2018 SJWA-rose-2,2018,4,19,20,53,Agelaius tricolor,Alternative Song 2,58.272,58.6773,609,7406,12000,(not validated),https://rfcx-streams-production.s3.eu-west-1.amazonaws.com/2018/04/19/gunzylbkp5cs/210711c1-725c-02b4-00b0-c62827e6776d.flac?AWSAccessKeyId=AKIA45B7YWBX7MUJ7QCX&Expires=1764564865&Signature=U5p9%2Bc9p7WA%2BNL2trS4BBSJqjmM%3D,0.206362,3682
997605573,S4A06592_20180419_221700.flac,2018 SJWA-rose-2,2018,4,19,22,17,Agelaius tricolor,Alternative Song 2,54.016,54.4213,609,7406,12000,(not validated),https://rfcx-streams-production.s3.eu-west-1.amazonaws.com/2018/04/19/gunzylbkp5cs/fc28b3b9-5996-7766-3da1-337ea761764b.flac?AWSAccessKeyId=AKIA45B7YWBX7MUJ7QCX&Expires=1764564865&Signature=dczfzifozFmpG3c8eSAO0dcJ2lo%3D,0.205353,3682
997605574,S4A06592_20180419_225900.flac,2018 SJWA-rose-2,2018,4,19,22,59,Agelaius tricolor,Alternative Song 2,50.6453,51.0507,609,7406,12000,(not validated),https://rfcx-streams-production.s3.eu-west-1.amazonaws.com/2018/04/19/gunzylbkp5cs/7a04833b-a165-ff9e-a7e6-e716d4a2af16.flac?AWSAccessKeyId=AKIA45B7YWBX7MUJ7QCX&Expires=1764564865&Signature=%2FJiCpL36Jn4IPzRBswEZ0BmQBO8%3D,0.21615,3682
997605575,S4A06592_20180419_223800.flac,2018 SJWA-rose-2,2018,4,19,22,38,Agelaius tricolor,Alternative Song 2,40.3307,40.736,609,7406,12000,(not validated),https://rfcx-streams-production.s3.eu-west-1.amazonaws.com/2018/04/19/gunzylbkp5cs/6f60f95a-08cf-f19a-9c85-159c4fc0fb7b.flac?AWSAccessKeyId=AKIA45B7YWBX7MUJ7QCX&Expires=1764564865&Signature=YA8mB7Oii1JirzIgETwMHsdc25M%3D,0.284478,3682
997605576,S4A06592_20180420_002300.flac,2018 SJWA-rose-2,2018,4,20,0,23,Agelaius tricolor,Alternative Song 2,29.856,30.2613,609,7406,12000,(not validated),https://rfcx-streams-production.s3.eu-west-1.amazonaws.com/2018/04/19/gunzylbkp5cs/278500c0-8005-8401-d337-ed4382e11873.flac?AWSAccessKeyId=AKIA45B7YWBX7MUJ7QCX&Expires=1764564865&Signature=9c5taJ7UrACadq3mUmr6C%2BiKEUg%3D,0.311181,3682
997605577,S4A06592_20180420_004400.flac,2018 SJWA-rose-2,2018,4,20,0,44,Agelaius tricolor,Alternative Song 2,20.448,20.8533,609,7406,12000,(not validated),https://rfcx-streams-production.s3.eu-west-1.amazonaws.com/2018/04/19/gunzylbkp5cs/53d56f37-ef8e-9df8-15c0-32c3daa518a0.flac?AWSAccessKeyId=AKIA45B7YWBX7MUJ7QCX&Expires=1764564865&Signature=wEWSL3CmBQI%2By%2BB6pv3aOZtNrRo%3D,0.239762,3682
997605578,S4A06592_20180420_025000.flac,2018 SJWA-rose-2,2018,4,20,2,50,Agelaius tricolor,Alternative Song 2,15.8507,16.256,609,7406,12000,(not validated),https://rfcx-streams-production.s3.eu-west-1.amazonaws.com/2018/04/19/gunzylbkp5cs/c8cee81d-3fef-cd7e-9cc3-58bb98dffdc5.flac?AWSAccessKeyId=AKIA45B7YWBX7MUJ7QCX&Expires=1764564865&Signature=49uZf2VqXtIlG6eZQFP8E3VhB4o%3D,0.367247,3682
997605579,S4A06592_20180420_012600.flac,2018 SJWA-rose-2,2018,4,20,1,26,Agelaius tricolor,Alternative Song 2,10.0907,10.496,609,7406,12000,(not validated),https://rfcx-streams-production.s3.eu-west-1.amazonaws.com/2018/04/19/gunzylbkp5cs/98da7078-78a4-8a44-776e-3961a0df7ecc.flac?AWSAccessKeyId=AKIA45B7YWBX7MUJ7QCX&Expires=1764564865&Signature=nTXGu2x4G909KcZWdRQuxzlyNQc%3D,0.201242,3682
997605580,S4A06592_20180420_033200.flac,2018 SJWA-rose-2,2018,4,20,3,32,Agelaius tricolor,Alternative Song 2,12.7573,13.1627,609,7406,12000,(not validated),https://rfcx-streams-production.s3.eu-west-1.amazonaws.com/2018/04/19/gunzylbkp5cs/695f073b-5ef4-baf2-b22f-06225afb78d7.flac?AWSAccessKeyId=AKIA45B7YWBX7MUJ7QCX&Expires=1764564865&Signature=YE1nHYTaSfI4vrcv0R5qj%2B1DpmU%3D,0.310506,3682
997605581,S4A06592_20180420_022900.flac,2018 SJWA-rose-2,2018,4,20,2,29,Agelaius tricolor,Alternative Song 2,50.1333,50.5387,609,7406,12000,(not validated),https://rfcx-streams-production.s3.eu-west-1.amazonaws.com/2018/04/19/gunzylbkp5cs/8bc11bed-f759-42f5-269b-3172f4fc6717.flac?AWSAccessKeyId=AKIA45B7YWBX7MUJ7QCX&Expires=1764564865&Signature=6A3acluBMwMJvlo3f7SK99zoCN4%3D,0.275974,3682
997605582,S4A06592_20180420_031100.flac,2018 SJWA-rose-2,2018,4,20,3,11,Agelaius tricolor,Alternative Song 2,52.96,53.3653,609,7406,12000,(not validated),https://rfcx-streams-production.s3.eu-west-1.amazonaws.com/2018/04/19/gunzylbkp5cs/7d6a12f1-a952-aec2-4606-74550baa915f.flac?AWSAccessKeyId=AKIA45B7YWBX7MUJ7QCX&Expires=1764564865&Signature=UefXazuZXH%2BT1C53MHw3dHkFkko%3D,0.26403,3682
997605583,S4A06592_20180420_035300.flac,2018 SJWA-rose-2,2018,4,20,3,53,Agelaius tricolor,Alternative Song 2,17.28,17.6853,609,7406,12000,(not validated),https://rfcx-streams-production.s3.eu-west-1.amazonaws.com/2018/04/19/gunzylbkp5cs/8944e77c-4cbf-a925-45ed-37eda8cd42c4.flac?AWSAccessKeyId=AKIA45B7YWBX7MUJ7QCX&Expires=1764564865&Signature=Ks2QnyKTTQewTf2L6B16gZlCG7E%3D,0.33946,3682
997605584,S4A06592_20180420_043500.flac,2018 SJWA-rose-2,2018,4,20,4,35,Agelaius tricolor,Alternative Song 2,10.3467,10.752,609,7406,12000,(not validated),https://rfcx-streams-production.s3.eu-west-1.amazonaws.com/2018/04/19/gunzylbkp5cs/91074377-acbd-31f5-f9ee-7c2fe517aa32.flac?AWSAccessKeyId=AKIA45B7YWBX7MUJ7QCX&Expires=1764564865&Signature=vW9nUae1u0fEq1zjRGLDcbJe%2BUc%3D,0.275024,3682
997605585,S4A06592_20180420_062000.flac,2018 SJWA-rose-2,2018,4,20,6,20,Agelaius tricolor,Alternative Song 2,48.3947,48.8,609,7406,12000,(not validated),https://rfcx-streams-production.s3.eu-west-1.amazonaws.com/2018/04/19/gunzylbkp5cs/3b130216-f486-610b-6801-61a3978ec1f9.flac?AWSAccessKeyId=AKIA45B7YWBX7MUJ7QCX&Expires=1764564865&Signature=CT7pR0ctZdnPeYqgoVrbEK0Lmkg%3D,0.29295,3682
997605586,S4A06592_20180420_041400.flac,2018 SJWA-rose-2,2018,4,20,4,14,Agelaius tricolor,Alternative Song 2,26.656,27.0613,609,7406,12000,(not validated),https://rfcx-streams-production.s3.eu-west-1.amazonaws.com/2018/04/19/gunzylbkp5cs/f66c1d6b-e1ac-5ee9-2851-346cb4195acf.flac?AWSAccessKeyId=AKIA45B7YWBX7MUJ7QCX&Expires=1764564865&Signature=RqpvL9YHCUyMqdzBYH1AJUzzZ3Q%3D,0.271477,3682
997605587,S4A06592_20180420_051700.flac,2018 SJWA-rose-2,2018,4,20,5,17,Agelaius tricolor,Alternative Song 2,49.408,49.8133,609,7406,12000,(not validated),https://rfcx-streams-production.s3.eu-west-1.amazonaws.com/2018/04/19/gunzylbkp5cs/91345b52-d6db-e3da-6a2c-860bed5e3c5c.flac?AWSAccessKeyId=AKIA45B7YWBX7MUJ7QCX&Expires=1764564865&Signature=2E6wHGPGLbDjbksocDt8NkWHoZg%3D,0.277472,3682
997605588,S4A06592_20180420_064100.flac,2018 SJWA-rose-2,2018,4,20,6,41,Agelaius tricolor,Alternative Song 2,12.6187,13.024,609,7406,12000,present,https://rfcx-streams-production.s3.eu-west-1.amazonaws.com/2018/04/19/gunzylbkp5cs/ce3757e5-2604-631e-e662-f17fddede17c.flac?AWSAccessKeyId=AKIA45B7YWBX7MUJ7QCX&Expires=1764564865&Signature=rjRflPI3tDCDAoTLVAHG0bxJlgk%3D,0.261527,3682
997605589,S4A06592_20180420_070200.flac,2018 SJWA-rose-2,2018,4,20,7,2,Agelaius tricolor,Alternative Song 2,4.45867,4.864,609,7406,12000,(not validated),https://rfcx-streams-production.s3.eu-west-1.amazonaws.com/2018/04/20/gunzylbkp5cs/086173fc-4806-a2e0-aaf9-f1ecbb7761f0.flac?AWSAccessKeyId=AKIA45B7YWBX7MUJ7QCX&Expires=1764564865&Signature=Ntu2tNCq9f3Xl%2F%2B2W7G%2B%2BCZ%2BPoE%3D,0.256947,3682
997605590,S4A06592_20180420_074400.flac,2018 SJWA-rose-2,2018,4,20,7,44,Agelaius tricolor,Alternative Song 2,26.752,27.1573,609,7406,12000,(not validated),https://rfcx-streams-production.s3.eu-west-1.amazonaws.com/2018/04/20/gunzylbkp5cs/33144f7e-480b-c1a8-3f0b-ec12c2b19913.flac?AWSAccessKeyId=AKIA45B7YWBX7MUJ7QCX&Expires=1764564865&Signature=9rGfNMhOhAPZosH5%2FlOIW0JVWfk%3D,0.309802,3682
997605591,S4A06592_20180420_055900.flac,2018 SJWA-rose-2,2018,4,20,5,59,Agelaius tricolor,Alternative Song 2,26.4213,26.8267,609,7406,12000,present,https://rfcx-streams-production.s3.eu-west-1.amazonaws.com/2018/04/19/gunzylbkp5cs/7a8169f1-8181-5c86-63b2-9a328cc08bec.flac?AWSAccessKeyId=AKIA45B7YWBX7MUJ7QCX&Expires=1764564865&Signature=p2P3EtB%2Fs3EUSCkB4QCKx1Oc2Ws%3D,0.317445,3682
997605592,S4A06592_20180420_053800.flac,2018 SJWA-rose-2,2018,4,20,5,38,Agelaius tricolor,Alternative Song 2,53.248,53.6533,609,7406,12000,(not validated),https://rfcx-streams-production.s3.eu-west-1.amazonaws.com/2018/04/19/gunzylbkp5cs/38bf94e5-5670-3ce3-0a71-ee145c870e86.flac?AWSAccessKeyId=AKIA45B7YWBX7MUJ7QCX&Expires=1764564865&Signature=MaBPgQ%2BWdt0OL4OrrYt6ueuFb9M%3D,0.314911,3682
997605593,S4A06592_20180420_072300.flac,2018 SJWA-rose-2,2018,4,20,7,23,Agelaius tricolor,Alternative Song 2,31.3707,31.776,609,7406,12000,(not validated),https://rfcx-streams-production.s3.eu-west-1.amazonaws.com/2018/04/20/gunzylbkp5cs/1c5cc0fc-cbcd-b171-d365-d53a846f0684.flac?AWSAccessKeyId=AKIA45B7YWBX7MUJ7QCX&Expires=1764564865&Signature=71eboGkIaGipEo0IFd7az6uz6eg%3D,0.406994,3682
997605594,S4A06592_20180420_084700.flac,2018 SJWA-rose-2,2018,4,20,8,47,Agelaius tricolor,Alternative Song 2,57.7813,58.1867,609,7406,12000,(not validated),https://rfcx-streams-production.s3.eu-west-1.amazonaws.com/2018/04/20/gunzylbkp5cs/a9fb780b-4d10-9c66-1d6d-8dffcdbd4384.flac?AWSAccessKeyId=AKIA45B7YWBX7MUJ7QCX&Expires=1764564865&Signature=hBvPiNGyAF27Y7qFaFCutvsHS7A%3D,0.305966,3682
997605595,S4A06592_20180420_090800.flac,2018 SJWA-rose-2,2018,4,20,9,8,Agelaius tricolor,Alternative Song 2,9.55733,9.96267,609,7406,12000,present,https://rfcx-streams-production.s3.eu-west-1.amazonaws.com/2018/04/20/gunzylbkp5cs/2a6d0ca0-03ed-368d-69c0-51fb1e8f2e8c.flac?AWSAccessKeyId=AKIA45B7YWBX7MUJ7QCX&Expires=1764564865&Signature=fkw4bQp7EwKWv4AmNWmWA9LJMsM%3D,0.294363,3682
997605596,S4A06592_20180420_080500.flac,2018 SJWA-rose-2,2018,4,20,8,5,Agelaius tricolor,Alternative Song 2,13.6427,14.048,609,7406,12000,(not validated),https://rfcx-streams-production.s3.eu-west-1.amazonaws.com/2018/04/20/gunzylbkp5cs/030a2223-c770-577b-bfdd-605fb9c76ef5.flac?AWSAccessKeyId=AKIA45B7YWBX7MUJ7QCX&Expires=1764564865&Signature=8AGc2EvgVttvIb2iR3znnHeFv%2Bc%3D,0.224986,3682
997605597,S4A06592_20180420_082600.flac,2018 SJWA-rose-2,2018,4,20,8,26,Agelaius tricolor,Alternative Song 2,49.4933,49.8987,609,7406,12000,(not validated),https://rfcx-streams-production.s3.eu-west-1.amazonaws.com/2018/04/20/gunzylbkp5cs/d6c9afd5-60f5-d02f-5c01-05bf87dfef2c.flac?AWSAccessKeyId=AKIA45B7YWBX7MUJ7QCX&Expires=1764564865&Signature=EVbz6KFyEIb45GOI8kkiDJI00zk%3D,0.286283,3682
997605598,S4A06592_20180420_101100.flac,2018 SJWA-rose-2,2018,4,20,10,11,Agelaius tricolor,Alternative Song 2,52.4693,52.8747,609,7406,12000,(not validated),https://rfcx-streams-production.s3.eu-west-1.amazonaws.com/2018/04/20/gunzylbkp5cs/caae53a8-c0c9-38ef-cd80-f7d7fb346b49.flac?AWSAccessKeyId=AKIA45B7YWBX7MUJ7QCX&Expires=1764564865&Signature=9%2B3hWxnLrvOXvjcZ1wjpukWafak%3D,0.309048,3682
997605599,S4A06592_20180420_092900.flac,2018 SJWA-rose-2,2018,4,20,9,29,Agelaius tricolor,Alternative Song 2,35.7973,36.2027,609,7406,12000,present,https://rfcx-streams-production.s3.eu-west-1.amazonaws.com/2018/04/20/gunzylbkp5cs/d640638b-4347-15e2-65d0-d120f7ce0f68.flac?AWSAccessKeyId=AKIA45B7YWBX7MUJ7QCX&Expires=1764564865&Signature=mOj2kZ4maht%2F2WisX%2FSV1NlH0h0%3D,0.352245,3682
997605600,S4A06592_20180420_111400.flac,2018 SJWA-rose-2,2018,4,20,11,14,Agelaius tricolor,Alternative Song 2,17.3973,17.8027,609,7406,12000,(not validated),https://rfcx-streams-production.s3.eu-west-1.amazonaws.com/2018/04/20/gunzylbkp5cs/70a9a3a1-3db3-dad1-bbc9-28c7e72a5177.flac?AWSAccessKeyId=AKIA45B7YWBX7MUJ7QCX&Expires=1764564865&Signature=RUj4hXG0Y2DILd1mqpMdKYeoiD8%3D,0.298152,3682
997605601,S4A06592_20180420_113500.flac,2018 SJWA-rose-2,2018,4,20,11,35,Agelaius tricolor,Alternative Song 2,7.47733,7.88267,609,7406,12000,(not validated),https://rfcx-streams-production.s3.eu-west-1.amazonaws.com/2018/04/20/gunzylbkp5cs/44fb0b37-1195-1bda-305a-71708e6c71e5.flac?AWSAccessKeyId=AKIA45B7YWBX7MUJ7QCX&Expires=1764564865&Signature=Ra0%2F9R4C%2BgECWtmu3maYDO%2Bom9Y%3D,0.299033,3682
997605602,S4A06592_20180420_105300.flac,2018 SJWA-rose-2,2018,4,20,10,53,Agelaius tricolor,Alternative Song 2,15.296,15.7013,609,7406,12000,(not validated),https://rfcx-streams-production.s3.eu-west-1.amazonaws.com/2018/04/20/gunzylbkp5cs/61e53493-d983-6845-d0a1-486cc4d98fe0.flac?AWSAccessKeyId=AKIA45B7YWBX7MUJ7QCX&Expires=1764564865&Signature=Vl6f7JcbXGwDyb7xqxBQLuaJg7s%3D,0.287333,3682
997605603,S4A06592_20180420_103200.flac,2018 SJWA-rose-2,2018,4,20,10,32,Agelaius tricolor,Alternative Song 2,0.853333,1.25867,609,7406,12000,(not validated),https://rfcx-streams-production.s3.eu-west-1.amazonaws.com/2018/04/20/gunzylbkp5cs/30c2bec2-5178-dde6-a329-d06010a07313.flac?AWSAccessKeyId=AKIA45B7YWBX7MUJ7QCX&Expires=1764564865&Signature=gC6TnBfCKboi9knBrslFYJ1mVBI%3D,0.360535,3682
997605604,S4A06592_20180420_095000.flac,2018 SJWA-rose-2,2018,4,20,9,50,Agelaius tricolor,Alternative Song 2,20.1813,20.5867,609,7406,12000,present,https://rfcx-streams-production.s3.eu-west-1.amazonaws.com/2018/04/20/gunzylbkp5cs/6912c83e-adc4-475d-120b-b5c3da8496b3.flac?AWSAccessKeyId=AKIA45B7YWBX7MUJ7QCX&Expires=1764564865&Signature=%2BpoTfedE0WORNdPIX8jKZYF2OT8%3D,0.25966,3682
997605605,S4A06592_20180420_115600.flac,2018 SJWA-rose-2,2018,4,20,11,56,Agelaius tricolor,Alternative Song 2,4.59733,5.00267,609,7406,12000,present,https://rfcx-streams-production.s3.eu-west-1.amazonaws.com/2018/04/20/gunzylbkp5cs/4468c23a-8535-8ae6-0166-86fbcffdfff7.flac?AWSAccessKeyId=AKIA45B7YWBX7MUJ7QCX&Expires=1764564865&Signature=CfDqtzQ2lQrAqHwfpnAFCgZSWpU%3D,0.35099,3682
997605606,S4A06592_20180420_125900.flac,2018 SJWA-rose-2,2018,4,20,12,59,Agelaius tricolor,Alternative Song 2,53.76,54.1653,609,7406,12000,(not validated),https://rfcx-streams-production.s3.eu-west-1.amazonaws.com/2018/04/20/gunzylbkp5cs/03573b3d-7a65-130f-81ba-203ead7e0ae0.flac?AWSAccessKeyId=AKIA45B7YWBX7MUJ7QCX&Expires=1764564865&Signature=JXHTGs5W3MWUcQHAiCuSn1Yrz%2BU%3D,0.308552,3682
997605607,S4A06592_20180420_134100.flac,2018 SJWA-rose-2,2018,4,20,13,41,Agelaius tricolor,Alternative Song 2,49.2907,49.696,609,7406,12000,present,https://rfcx-streams-production.s3.eu-west-1.amazonaws.com/2018/04/20/gunzylbkp5cs/1104f500-343f-183a-542e-4358afb4880b.flac?AWSAccessKeyId=AKIA45B7YWBX7MUJ7QCX&Expires=1764564865&Signature=T99iYQL7Ciwt70pje3iMjWLwD2w%3D,0.370021,3682
997605608,S4A06592_20180420_132000.flac,2018 SJWA-rose-2,2018,4,20,13,20,Agelaius tricolor,Alternative Song 2,34.2293,34.6347,609,7406,12000,(not validated),https://rfcx-streams-production.s3.eu-west-1.amazonaws.com/2018/04/20/gunzylbkp5cs/0ded1e8b-4564-0529-4649-9a67787468d0.flac?AWSAccessKeyId=AKIA45B7YWBX7MUJ7QCX&Expires=1764564865&Signature=MllaLV7JGkdxhfZLuxZzTKDkzQA%3D,0.380611,3682
997605609,S4A06592_20180420_142300.flac,2018 SJWA-rose-2,2018,4,20,14,23,Agelaius tricolor,Alternative Song 2,48.7893,49.1947,609,7406,12000,present,https://rfcx-streams-production.s3.eu-west-1.amazonaws.com/2018/04/20/gunzylbkp5cs/b828dd33-a33d-7d04-7322-d042e9686618.flac?AWSAccessKeyId=AKIA45B7YWBX7MUJ7QCX&Expires=1764564865&Signature=GZ4w8Ymu0LKZnxBKOSIVsovRnsg%3D,0.319599,3682
997605610,S4A06592_20180420_150500.flac,2018 SJWA-rose-2,2018,4,20,15,5,Agelaius tricolor,Alternative Song 2,48.96,49.3653,609,7406,12000,present,https://rfcx-streams-production.s3.eu-west-1.amazonaws.com/2018/04/20/gunzylbkp5cs/6e42f272-c776-e3bd-2cca-c4a3e3ea508a.flac?AWSAccessKeyId=AKIA45B7YWBX7MUJ7QCX&Expires=1764564865&Signature=9nkkp4n9sKjv5aZp6XvFmwQd3mY%3D,0.318298,3682
997605611,S4A06592_20180420_144400.flac,2018 SJWA-rose-2,2018,4,20,14,44,Agelaius tricolor,Alternative Song 2,46.7733,47.1787,609,7406,12000,present,https://rfcx-streams-production.s3.eu-west-1.amazonaws.com/2018/04/20/gunzylbkp5cs/2ff214de-3c48-2c11-aed8-23ed5c60e1f4.flac?AWSAccessKeyId=AKIA45B7YWBX7MUJ7QCX&Expires=1764564865&Signature=0qYAAEEA9GwPH4u3v9%2BBcv3MlZc%3D,0.330256,3682
997605612,S4A06592_20180420_123800.flac,2018 SJWA-rose-2,2018,4,20,12,38,Agelaius tricolor,Alternative Song 2,45.0667,45.472,609,7406,12000,present,https://rfcx-streams-production.s3.eu-west-1.amazonaws.com/2018/04/20/gunzylbkp5cs/7a2479f4-b314-f827-f1dc-116f3cea51d9.flac?AWSAccessKeyId=AKIA45B7YWBX7MUJ7QCX&Expires=1764564865&Signature=85ydzWnYz1v23DJqK1l9OjlW3ec%3D,0.359457,3682
997605613,S4A06592_20180420_121700.flac,2018 SJWA-rose-2,2018,4,20,12,17,Agelaius tricolor,Alternative Song 2,21.9413,22.3467,609,7406,12000,(not validated),https://rfcx-streams-production.s3.eu-west-1.amazonaws.com/2018/04/20/gunzylbkp5cs/76a2b76a-742b-d8cc-f4db-174d720a21d6.flac?AWSAccessKeyId=AKIA45B7YWBX7MUJ7QCX&Expires=1764564865&Signature=L6xRe0VamlBeZkDR4riAPRLgbGQ%3D,0.244514,3682
997605614,S4A06592_20180420_152600.flac,2018 SJWA-rose-2,2018,4,20,15,26,Agelaius tricolor,Alternative Song 2,8.94933,9.35467,609,7406,12000,present,https://rfcx-streams-production.s3.eu-west-1.amazonaws.com/2018/04/20/gunzylbkp5cs/ffcd3266-9ab0-bce6-631e-fc93bda24bbc.flac?AWSAccessKeyId=AKIA45B7YWBX7MUJ7QCX&Expires=1764564865&Signature=MzrN4LE61waosavAijjJfW28848%3D,0.309567,3682
997605615,S4A06592_20180420_140200.flac,2018 SJWA-rose-2,2018,4,20,14,2,Agelaius tricolor,Alternative Song 2,32.1813,32.5867,609,7406,12000,present,https://rfcx-streams-production.s3.eu-west-1.amazonaws.com/2018/04/20/gunzylbkp5cs/758483cf-6e04-0102-e359-25acaba2bcf7.flac?AWSAccessKeyId=AKIA45B7YWBX7MUJ7QCX&Expires=1764564865&Signature=ALzlYnRkSpMvvXglxO9CFBk2awk%3D,0.31192,3682
997605616,S4A06592_20180420_154700.flac,2018 SJWA-rose-2,2018,4,20,15,47,Agelaius tricolor,Alternative Song 2,21.6853,22.0907,609,7406,12000,present,https://rfcx-streams-production.s3.eu-west-1.amazonaws.com/2018/04/20/gunzylbkp5cs/bb8c16e3-a00b-21be-3e4b-cb39d15c885f.flac?AWSAccessKeyId=AKIA45B7YWBX7MUJ7QCX&Expires=1764564865&Signature=MRPXeuiOfVWA0GDIKoIhRnq4cco%3D,0.276749,3682
997605617,S4A06592_20180420_170200.flac,2018 SJWA-rose-2,2018,4,20,17,2,Agelaius tricolor,Alternative Song 2,19.1893,19.5947,609,7406,12000,(not validated),https://rfcx-streams-production.s3.eu-west-1.amazonaws.com/2018/04/20/gunzylbkp5cs/ff9ce6af-62fa-0b7e-dedd-f4d83d31bbe0.flac?AWSAccessKeyId=AKIA45B7YWBX7MUJ7QCX&Expires=1764564865&Signature=LEcmCvWuwJklv7b98Fl8Qx2lyKo%3D,0.30214,3682
997605618,S4A06592_20180420_172300.flac,2018 SJWA-rose-2,2018,4,20,17,23,Agelaius tricolor,Alternative Song 2,50.656,51.0613,609,7406,12000,present,https://rfcx-streams-production.s3.eu-west-1.amazonaws.com/2018/04/20/gunzylbkp5cs/f09f453d-535b-155f-923e-3871ee0b541f.flac?AWSAccessKeyId=AKIA45B7YWBX7MUJ7QCX&Expires=1764564865&Signature=z9%2BUlNAlPczfFThaEQJjO2PN7So%3D,0.254986,3682
